1 0.31705208333333335 0.3721944444444445 0.09117708333333334 0.11063888888888888
1 0.5617968750000001 0.5783981481481482 0.05288541666666667 0.13416666666666668
1 0.24618229166666666 0.24363888888888888 0.050124999999999996 0.0880925925925926
1 0.07116145833333333 0.28991666666666666 0.05077604166666667 0.11891666666666667
1 0.067109375 0.12227777777777778 0.06351041666666667 0.07993518518518518
1 0.15274479166666666 0.032796296296296296 0.03338541666666666 0.06559259259259259
1 0.2782916666666667 0.0729074074074074 0.06226041666666667 0.09231481481481482
1 0.31185416666666665 0.16444444444444445 0.046046875 0.07786111111111112
1 0.49757812500000004 0.03794444444444444 0.049442708333333335 0.05942592592592593
1 0.4758802083333334 0.11764814814814815 0.058130208333333336 0.06451851851851853
1 0.4686458333333333 0.24568518518518517 0.06796875 0.10454629629629629
1 0.6705729166666666 0.3248888888888889 0.062098958333333336 0.09010185185185185
1 0.6187916666666666 0.1814074074074074 0.03145833333333333 0.09327777777777778
1 0.6237083333333333 0.07548148148148148 0.044760416666666664 0.054259259259259264
1 0.8615052083333333 0.4817222222222222 0.06202083333333333 0.126