1 0.01680729166666667 0.44987962962962963 0.03361979166666666 0.13521296296296295
1 0.13364583333333335 0.27037037037037037 0.050749999999999997 0.12921296296296297
1 0.22738020833333333 0.10582407407407408 0.036828124999999996 0.07172222222222221
1 0.29970312499999996 0.1747314814814815 0.049526041666666666 0.07374074074074075
1 0.358140625 0.08319444444444445 0.034458333333333334 0.051166666666666666
1 0.24415625 0.309462962962963 0.03566145833333333 0.0839351851851852
1 0.2939166666666667 0.4020185185185185 0.03795833333333333 0.08387962962962964
1 0.2646979166666667 0.5465185185185185 0.04548958333333333 0.10744444444444445
1 0.526796875 0.7331851851851852 0.055796874999999996 0.14126851851851852
1 0.45186458333333335 0.42156481481481484 0.06219270833333333 0.09826851851851852
1 0.4125260416666666 0.25906481481481486 0.059890624999999996 0.09425
1 0.44955729166666664 0.15312962962962962 0.029791666666666668 0.10460185185185185
1 0.5696093750000001 0.20455555555555555 0.03726041666666667 0.084
1 0.6830104166666667 0.3757962962962963 0.05572916666666667 0.0746388888888889
1 0.7136822916666666 0.20558333333333334 0.026786458333333332 0.08605555555555555