1 0.14235416666666667 0.5810185185185185 0.05716666666666667 0.11574074074074074
1 0.023234374999999998 0.4618055555555556 0.042890624999999995 0.09953703703703703
1 0.19182291666666668 0.35532407407407407 0.049338541666666666 0.12268518518518519
1 0.21265104166666668 0.1712962962962963 0.049328124999999994 0.06018518518518518
1 0.3246145833333333 0.1284722222222222 0.044083333333333335 0.05787037037037037
1 0.3155 0.2337962962962963 0.0545 0.07407407407407407
1 0.3102916666666667 0.3715277777777778 0.041484375000000004 0.0763888888888889
1 0.4424322916666667 0.17824074074074073 0.029718750000000002 0.07407407407407407
1 0.44307812500000004 0.2962962962962963 0.054453125 0.07407407407407407
1 0.3858020833333333 0.4479166666666667 0.04145833333333333 0.07175925925925926
1 0.40988541666666667 0.5821759259259259 0.034937499999999996 0.09953703703703703
1 0.5263958333333333 0.43287037037037035 0.057026041666666666 0.09259259259259259
1 0.5609010416666667 0.22106481481481483 0.03228125 0.08101851851851852
1 0.676765625 0.19328703703703703 0.032239583333333335 0.0625
1 0.6930364583333334 0.3506944444444444 0.046552083333333334 0.0625
1 0.6676510416666667 0.6631944444444444 0.04526041666666667 0.10416666666666667