1 0.21089062500000003 0.5480648148148148 0.048984375 0.1290462962962963
1 0.3749166666666667 0.41435185185185186 0.040234375 0.14558333333333331
1 0.43740104166666666 0.6174814814814815 0.06104166666666667 0.13825925925925925
1 0.28292187500000004 0.2878611111111111 0.043744791666666664 0.0654351851851852
1 0.4345104166666667 0.3125462962962963 0.0483125 0.05308333333333333
1 0.5155104166666666 0.402537037037037 0.05059375 0.07874074074074075
1 0.6416458333333334 0.4390462962962963 0.032026041666666664 0.09620370370370371
1 0.7573645833333333 0.519787037037037 0.027348958333333333 0.09100925925925926
1 0.7692187500000001 0.39790740740740743 0.06147916666666667 0.0756574074074074
1 0.870765625 0.309462962962963 0.04581770833333333 0.059250000000000004
1 0.7686458333333334 0.22615740740740742 0.032552083333333336 0.05313888888888889
1 0.677515625 0.25546296296296295 0.03432291666666667 0.05620370370370371
1 0.6086666666666667 0.32128703703703704 0.03551041666666667 0.0643888888888889
1 0.5418385416666667 0.2508333333333333 0.030333333333333334 0.06546296296296296
1 0.39401041666666664 0.2385 0.03675520833333333 0.05312962962962963