1 0.29565104166666667 0.22100925925925927 0.04142708333333334 0.06753703703703703
1 0.17125520833333333 0.4956111111111111 0.04263541666666667 0.13524999999999998
1 0.16923958333333333 0.28119444444444447 0.048203125 0.06517592592592593
1 0.13394791666666667 0.7815740740740741 0.06322916666666667 0.14467592592592593
1 0.29507291666666663 0.33414814814814814 0.05415625 0.07158333333333333
1 0.31590104166666666 0.4956111111111111 0.047203125 0.08587962962962963
1 0.4321979166666667 0.2708888888888889 0.03673958333333334 0.0870462962962963
1 0.461125 0.3840277777777778 0.05292708333333333 0.09109259259259259
1 0.421203125 0.5794351851851851 0.04947395833333333 0.09920370370370371
1 0.4732760416666667 0.7373055555555555 0.03556770833333334 0.10012962962962962
1 0.5806041666666667 0.5244166666666666 0.059244791666666664 0.0694074074074074
1 0.5722135416666667 0.28683333333333333 0.032052083333333335 0.07572222222222222
1 0.6928489583333334 0.2487777777777778 0.04068229166666667 0.06135185185185186
1 0.7452083333333334 0.4051111111111111 0.05165625 0.05302777777777778
1 0.7874427083333334 0.7835833333333333 0.08751041666666667 0.11861111111111111