1 0.22332291666666665 0.5084537037037037 0.09121354166666666 0.17946296296296296
1 0.1128125 0.2508333333333333 0.099359375 0.11483333333333333
1 0.6769322916666667 0.4873796296296296 0.10259895833333334 0.1434814814814815
1 0.5340260416666667 0.29248148148148145 0.08067187499999999 0.10554629629629629
1 0.3506145833333333 0.16752777777777778 0.061078125 0.09637037037037037
1 0.5574583333333333 0.15003703703703702 0.040739583333333336 0.11077777777777778
1 0.6184999999999999 0.06467592592592591 0.041291666666666664 0.08820370370370371
1 0.43797916666666664 0.06262037037037037 0.062197916666666665 0.08409259259259258
1 0.1238125 0.11918518518518519 0.058854166666666666 0.08611111111111111
1 0.23952604166666666 0.07753703703703703 0.061119791666666666 0.05837037037037037
1 0.036166666666666666 0.024175925925925927 0.06434375 0.048351851851851854
1 0.25458333333333333 0.02262962962962963 0.05459895833333333 0.04526851851851852