1 0.31358854166666666 0.2487777777777778 0.04952083333333333 0.06135185185185186
1 0.22245833333333334 0.5115462962962963 0.044348958333333334 0.12392592592592593
1 0.39430208333333333 0.37681481481481477 0.04080729166666666 0.12606481481481482
1 0.44318749999999996 0.5660648148148149 0.06566666666666666 0.10949074074074074
1 0.46719791666666666 0.28169444444444447 0.06160416666666667 0.06544444444444444
1 0.4185989583333333 0.2097037037037037 0.040796874999999996 0.05725925925925926
1 0.5369166666666667 0.36860185185185185 0.05868229166666667 0.04790740740740741
1 0.5725052083333334 0.22769444444444445 0.02221875 0.08707407407407408
1 0.6439583333333334 0.2960925925925926 0.04359375 0.08188888888888889
1 0.6610312500000001 0.41025 0.025651041666666666 0.07564814814814814
1 0.7191770833333333 0.23746296296296293 0.04125 0.07575925925925925
1 0.8100104166666667 0.20507407407407408 0.04236979166666666 0.06651851851851852
1 0.9205208333333333 0.2909537037037037 0.048109375 0.059268518518518526
1 0.8059583333333333 0.3788796296296296 0.06204166666666667 0.08080555555555555
1 0.7871614583333333 0.5002407407407408 0.027916666666666666 0.11364814814814814