1 0.325484375 0.8250462962962962 0.11180208333333333 0.19964814814814816
1 0.1361770833333333 0.5014444444444444 0.07827604166666666 0.16594444444444445
1 0.40024479166666665 0.41916666666666663 0.0935 0.11566666666666667
1 0.6893854166666666 0.4534444444444445 0.07499479166666667 0.1782037037037037
1 0.24120833333333333 0.34785185185185186 0.06505208333333333 0.10537037037037036
1 0.4323125 0.23764814814814816 0.06833333333333333 0.12552777777777777
1 0.6196458333333333 0.2273148148148148 0.06069270833333333 0.09885185185185186
1 0.8032604166666667 0.2569166666666667 0.06253645833333334 0.0979074074074074
1 0.23152083333333331 0.2399814814814815 0.06597395833333333 0.0880925925925926
1 0.14347916666666669 0.15996296296296295 0.07596875 0.10248148148148149
1 0.3520625 0.11761111111111111 0.06684375000000001 0.07793518518518519
1 0.5108177083333333 0.13487037037037036 0.052796875 0.0944074074074074
1 0.4416145833333333 0.04147222222222222 0.04972395833333333 0.07000925925925926
1 0.3047239583333334 0.031870370370370375 0.03644791666666667 0.06373148148148149