1 0.227953125 0.5130925925925925 0.06575520833333333 0.14551851851851852
1 0.019411458333333336 0.4215925925925926 0.038828125 0.1238888888888889
1 0.2392395833333333 0.29248148148148145 0.043187500000000004 0.13023148148148148
1 0.20684895833333333 0.16240740740740742 0.056317708333333334 0.06201851851851852
1 0.34252604166666667 0.11252777777777778 0.0384375 0.05684259259259259
1 0.3569895833333333 0.19274999999999998 0.05811458333333333 0.056888888888888885
1 0.39865104166666665 0.3022870370370371 0.044244791666666665 0.06621296296296297
1 0.497 0.1361851851851852 0.02745833333333333 0.07125925925925926
1 0.5461770833333334 0.21898148148148147 0.049421875 0.08467592592592593
1 0.5299791666666667 0.3434259259259259 0.037859375 0.08269444444444445
1 0.6202395833333333 0.44212962962962965 0.030875 0.12705555555555556
1 0.6997916666666666 0.31460185185185185 0.061510416666666665 0.08187962962962964
1 0.6465625 0.1485 0.038385416666666665 0.0645
1 0.7648854166666667 0.12947222222222224 0.03544791666666667 0.06964814814814815
1 0.856296875 0.2199814814814815 0.04466666666666667 0.07782407407407407
1 0.9768802083333333 0.4729814814814815 0.046239583333333334 0.11469444444444445