1 0.34164583333333337 0.3629351851851852 0.09521354166666667 0.11681481481481482
1 0.07869270833333333 0.33725925925925926 0.07304166666666667 0.11972222222222223
1 0.23144270833333333 0.2354351851851852 0.06616145833333334 0.08880555555555555
1 0.27628125000000003 0.14903703703703705 0.049401041666666666 0.07640740740740741
1 0.21928645833333332 0.06930555555555555 0.05574479166666667 0.10362962962962963
1 0.12527604166666667 0.6848981481481482 0.10835416666666667 0.17752777777777776
1 0.6300833333333333 0.47508333333333336 0.067484375 0.14037037037037037
1 0.663640625 0.2313240740740741 0.0698125 0.09702777777777778
1 0.858625 0.32337037037037036 0.061796875 0.10428703703703704
1 0.44754166666666667 0.19943518518518516 0.06798958333333333 0.07437962962962963
1 0.42266145833333335 0.07036111111111111 0.05525 0.06710185185185186
1 0.5762760416666667 0.11407407407407408 0.04316145833333333 0.08461111111111111
1 0.5221822916666666 0.019546296296296294 0.08537499999999999 0.03909259259259259
1 0.017677083333333333 0.1531574074074074 0.035354166666666666 0.08052777777777778
1 0.06885416666666666 0.05133333333333333 0.044109375 0.08662962962962963