0 0.10546875 0.6520833333333333 0.1109375 0.3375
0 0.153125 0.9097222222222222 0.11875 0.18055555555555555
0 0.583984375 0.275 0.10703125 0.3138888888888889
0 0.6609375 0.33958333333333335 0.078125 0.3347222222222222
0 0.534765625 0.35208333333333336 0.17578125 0.2375
0 0.82578125 0.7215277777777778 0.0859375 0.36527777777777776
0 0.91953125 0.6270833333333333 0.1390625 0.12916666666666668
0 0.896875 0.7722222222222223 0.20625 0.15
0 0.434375 0.8340277777777778 0.053125 0.21805555555555556
0 0.533203125 0.8284722222222223 0.07265625 0.2152777777777778
0 0.4796875 0.8326388888888889 0.0765625 0.22083333333333333