0 0.883984375 0.2791666666666667 0.17265625 0.24166666666666667
0 0.935546875 0.20208333333333334 0.08984375 0.29583333333333334
0 0.984375 0.24722222222222223 0.03125 0.29444444444444445
0 0.79453125 0.7430555555555556 0.065625 0.21666666666666667
0 0.892578125 0.7416666666666667 0.06640625 0.21388888888888888
0 0.8421875 0.7409722222222223 0.0859375 0.1875
0 0.45859375 0.5618055555555556 0.1078125 0.32916666666666666
0 0.52578125 0.8625 0.1640625 0.275
0 0.49453125 0.9520833333333333 0.1859375 0.09583333333333334
0 0.289453125 0.8625 0.12890625 0.275
0 0.101171875 0.7729166666666667 0.08984375 0.30694444444444446
0 0.15 0.41805555555555557 0.0953125 0.3416666666666667