0 0.33125 0.6 0.090625 0.3277777777777778
0 0.516015625 0.47430555555555554 0.11015625 0.2791666666666667
0 0.58203125 0.47847222222222224 0.1671875 0.24861111111111112
0 0.766015625 0.35347222222222224 0.22890625 0.14027777777777778
0 0.80859375 0.9284722222222223 0.2125 0.12361111111111112
0 0.80703125 0.9791666666666666 0.1234375 0.041666666666666664
0 0.275 0.29375 0.0640625 0.0875
0 0.325390625 0.05138888888888889 0.13046875 0.06388888888888888
0 0.52734375 0.20416666666666666 0.1921875 0.11666666666666667
0 0.5484375 0.049305555555555554 0.1515625 0.06805555555555555
0 0.694140625 0.05486111111111111 0.07109375 0.07361111111111111