0 0.915625 0.12916666666666668 0.16875 0.11388888888888889
0 0.990234375 0.13194444444444445 0.01953125 0.15
0 0.921484375 0.2965277777777778 0.11015625 0.1763888888888889
0 0.962109375 0.2986111111111111 0.07578125 0.10555555555555556
0 0.5125 0.20625 0.1140625 0.15416666666666667
0 0.6171875 0.33402777777777776 0.2234375 0.1597222222222222
0 0.58671875 0.4097222222222222 0.290625 0.11666666666666667
0 0.71640625 0.6166666666666667 0.3625 0.1638888888888889
0 0.29296875 0.6465277777777778 0.0640625 0.10138888888888889
0 0.2703125 0.32083333333333336 0.228125 0.25833333333333336
0 0.201171875 0.11666666666666667 0.08984375 0.10833333333333334
0 0.066796875 0.2638888888888889 0.13359375 0.1527777777777778