0 0.53359375 0.7520833333333333 0.0609375 0.3680555555555556
0 0.716015625 0.5076388888888889 0.23671875 0.15416666666666667
0 0.68828125 0.2604166666666667 0.128125 0.12083333333333333
0 0.80546875 0.1486111111111111 0.0640625 0.08611111111111111
0 0.78984375 0.07361111111111111 0.1671875 0.14722222222222223
0 0.7140625 0.014583333333333334 0.134375 0.029166666666666667
0 0.465625 0.25763888888888886 0.1359375 0.10138888888888889
0 0.3484375 0.1736111111111111 0.0671875 0.09444444444444444
0 0.5546875 0.14375 0.0546875 0.0763888888888889
0 0.3 0.6291666666666667 0.115625 0.41388888888888886
0 0.05625 0.6819444444444445 0.1125 0.10277777777777777
0 0.079296875 0.37222222222222223 0.11953125 0.2361111111111111
0 0.09453125 0.2548611111111111 0.115625 0.20416666666666666