0 0.069140625 0.32430555555555557 0.11953125 0.19305555555555556
0 0.122265625 0.07222222222222222 0.10546875 0.05
0 0.4140625 0.01875 0.071875 0.0375
0 0.333203125 0.04861111111111111 0.03046875 0.027777777777777776
0 0.41875 0.06666666666666667 0.034375 0.044444444444444446
0 0.491796875 0.0125 0.05234375 0.025
0 0.5734375 0.009722222222222222 0.01875 0.019444444444444445
0 0.616015625 0.014583333333333334 0.03671875 0.029166666666666667
0 0.570703125 0.029166666666666667 0.02421875 0.022222222222222223
0 0.491015625 0.043055555555555555 0.02890625 0.03333333333333333
0 0.575 0.05763888888888889 0.0703125 0.04861111111111111
0 0.627734375 0.04652777777777778 0.05234375 0.02638888888888889
0 0.666015625 0.034722222222222224 0.04765625 0.022222222222222223
0 0.740234375 0.044444444444444446 0.05078125 0.025
0 0.713671875 0.06180555555555556 0.06796875 0.0375
0 0.676171875 0.08819444444444445 0.03671875 0.05416666666666667
0 0.83359375 0.06527777777777778 0.046875 0.019444444444444445
0 0.850390625 0.09097222222222222 0.06171875 0.04027777777777778
0 0.840234375 0.12708333333333333 0.08828125 0.04861111111111111
0 0.84140625 0.17777777777777778 0.1078125 0.06666666666666667
0 0.829296875 0.30069444444444443 0.18984375 0.0875
0 0.59453125 0.12361111111111112 0.09375 0.05
0 0.49609375 0.09930555555555555 0.0421875 0.043055555555555555
0 0.53828125 0.1986111111111111 0.0640625 0.11666666666666667
0 0.35625 0.16319444444444445 0.0578125 0.06805555555555555
0 0.213671875 0.10902777777777778 0.06953125 0.05138888888888889
0 0.279296875 0.5263888888888889 0.12734375 0.36666666666666664
0 0.76171875 0.7263888888888889 0.184375 0.4222222222222222