0 0.225 0.47638888888888886 0.0640625 0.11388888888888889
0 0.294921875 0.175 0.13984375 0.08888888888888889
0 0.355859375 0.08611111111111111 0.07890625 0.075
0 0.50390625 0.024305555555555556 0.1515625 0.04861111111111111
0 0.778515625 0.017361111111111112 0.02734375 0.034722222222222224
0 0.692578125 0.19583333333333333 0.07578125 0.08055555555555556
0 0.538671875 0.18055555555555555 0.17109375 0.08055555555555556
0 0.50078125 0.37430555555555556 0.225 0.14027777777777778
0 0.769140625 0.5625 0.26171875 0.1638888888888889
0 0.255078125 0.8277777777777777 0.11953125 0.34444444444444444
0 0.482421875 0.7319444444444444 0.11953125 0.39166666666666666
0 0.551171875 0.725 0.19921875 0.3333333333333333