0 0.221625 0.9542924528301887 0.18395833333333333 0.09140330188679247
0 0.24116666666666667 0.7274174528301887 0.277875 0.1758490566037736
0 0.513625 0.8271108490566037 0.10970833333333332 0.12683962264150944
0 0.4797708333333333 0.31372641509433963 0.3436666666666667 0.10097877358490566
0 0.6857500000000001 0.1858608490566038 0.22537500000000002 0.0966745283018868
0 0.913 0.26716981132075474 0.15875 0.07817216981132076
0 0.7576458333333334 0.32829009433962264 0.13145833333333334 0.09691037735849058
0 0.8162291666666667 0.45284198113207547 0.08629166666666667 0.14854952830188678
0 0.5016458333333333 0.5421580188679245 0.2777291666666667 0.07958726415094339
0 0.5968958333333333 0.4518278301886792 0.14820833333333333 0.13180424528301887
0 0.9224791666666667 0.4934316037735849 0.09543750000000001 0.14257075471698114
0 0.7235625 0.6342216981132076 0.09987499999999999 0.10847877358490565
0 0.6799999999999999 0.6861438679245283 0.31443750000000004 0.08294811320754718
0 0.6683125000000001 0.8227122641509433 0.14714583333333334 0.07862028301886792
0 0.7951250000000001 0.8010377358490566 0.1040625 0.14179245283018868
0 0.9416875 0.7318278301886793 0.1004375 0.1016745283018868
0 0.9059166666666666 0.6182783018867924 0.18814583333333335 0.10806603773584905
0 0.7581249999999999 0.936556603773585 0.13860416666666667 0.11378537735849056
0 0.8877916666666666 0.9041037735849056 0.07225 0.13900943396226415