0 0.34429166666666666 0.4942216981132076 0.091 0.1907193396226415
0 0.10208333333333333 0.6477122641509434 0.20418750000000002 0.140625
0 0.091 0.2977594339622642 0.18202083333333335 0.201438679245283
0 0.195375 0.05543632075471698 0.2503125 0.11088443396226415
0 0.44935416666666667 0.28120283018867925 0.21885416666666666 0.10108490566037735
0 0.5708541666666667 0.11770047169811321 0.11441666666666667 0.08975235849056604
0 0.9282291666666667 0.09818396226415095 0.14352083333333335 0.08178066037735848
0 0.8665208333333333 0.16935141509433965 0.2669583333333333 0.05850235849056604
0 0.7160208333333333 0.32536556603773586 0.11220833333333333 0.09108490566037736
0 0.8965 0.27452830188679245 0.08920833333333333 0.1394929245283019
0 0.6860208333333334 0.4368042452830189 0.24420833333333333 0.06556603773584906
0 0.8628541666666667 0.4492924528301887 0.11775000000000001 0.07503537735849057
0 0.5863541666666666 0.5619339622641509 0.0723125 0.11918632075471697
0 0.7508541666666667 0.5587971698113208 0.0813125 0.1129245283018868
0 0.8812708333333333 0.5603301886792453 0.05872916666666667 0.10045990566037735
0 0.57375 0.6639740566037735 0.17508333333333334 0.07488207547169812
0 0.7813333333333333 0.6725943396226415 0.14227083333333335 0.09211084905660377
0 0.9556666666666668 0.6374882075471698 0.08866666666666667 0.08399764150943397
0 0.9145208333333333 0.7260849056603774 0.17095833333333335 0.06971698113207547
0 0.6374791666666667 0.7526768867924528 0.1196875 0.10738207547169812
0 0.8978125 0.8169575471698113 0.06441666666666666 0.14797169811320754
0 0.7911666666666667 0.8875471698113208 0.21679166666666666 0.06663915094339623
0 0.49139583333333337 0.9359316037735849 0.12925 0.12194575471698113