1 0.44962264150943393 0.6020833333333333 0.10590801886792453 0.16666666666666666
1 0.21028301886792453 0.2604166666666667 0.08949292452830189 0.13333333333333333
1 0.28397405660377356 0.12083333333333333 0.05055424528301886 0.12083333333333333
1 0.17373820754716982 0.042708333333333334 0.04234669811320754 0.08541666666666667
1 0.45375 0.08958333333333333 0.07642688679245284 0.075
1 0.42133254716981133 0.22083333333333333 0.06347877358490565 0.10416666666666667
1 0.536875 0.365625 0.12238207547169812 0.19375
1 0.6123349056603773 0.140625 0.06576650943396227 0.09791666666666667
1 0.6724646226415094 0.06145833333333333 0.07281839622641509 0.08125
1 0.8357547169811321 0.13854166666666667 0.07158018867924529 0.11458333333333333
1 0.7343632075471698 0.253125 0.08576650943396227 0.10625
1 0.7084198113207547 0.34479166666666666 0.07398584905660377 0.10625
1 0.8870400943396227 0.3729166666666667 0.08924528301886793 0.19166666666666668