0 0.8060208333333333 0.0638561320754717 0.24893749999999998 0.1277122641509434
0 0.5321666666666667 0.153938679245283 0.21464583333333334 0.18865566037735848
0 0.08925000000000001 0.4529481132075472 0.17850000000000002 0.09240566037735849
0 0.42116666666666663 0.44359669811320757 0.15429166666666666 0.14366745283018867
0 0.7541666666666667 0.29133254716981133 0.14520833333333333 0.10285377358490566
0 0.7989583333333333 0.43899764150943393 0.10170833333333333 0.13984669811320755
0 0.8635833333333333 0.5371933962264152 0.14535416666666665 0.1747877358490566
0 0.962 0.3786202830188679 0.07597916666666667 0.09443396226415095
0 0.9263541666666666 0.27722877358490566 0.14729166666666668 0.08542452830188679
0 0.0878125 0.6477004716981132 0.17560416666666667 0.15900943396226416
0 0.49902083333333336 0.6175707547169812 0.148375 0.09873820754716982
0 0.7182291666666667 0.6248938679245283 0.10185416666666666 0.11339622641509434
0 0.7504791666666667 0.7396580188679246 0.20441666666666666 0.06306603773584905
0 0.95275 0.6653301886792453 0.0765 0.0651061320754717
0 0.962 0.7997877358490566 0.07597916666666667 0.11873820754716981
0 0.8438333333333333 0.8575825471698113 0.08687500000000001 0.0943867924528302
0 0.7420625 0.9169693396226416 0.27314583333333337 0.11090801886792452
0 0.2399375 0.7889150943396226 0.28625 0.07545990566037736
0 0.3314166666666667 0.9495990566037735 0.18395833333333333 0.10081367924528302
0 0.4654583333333333 0.854257075471698 0.10027083333333334 0.16307783018867925