1 0.1925943396226415 0.64375 0.11307783018867924 0.23333333333333334
1 0.775625 0.6666666666666666 0.10461084905660377 0.14583333333333334
1 0.7868278301886793 0.43125 0.11286556603773584 0.17083333333333334
1 0.9129834905660378 0.39895833333333336 0.07744103773584905 0.09375
1 0.9070872641509434 0.30833333333333335 0.09866745283018868 0.0875
1 0.9548466981132075 0.19895833333333332 0.06445754716981132 0.10208333333333333
1 0.19141509433962264 0.32083333333333336 0.06591981132075471 0.10416666666666667
1 0.29871462264150944 0.146875 0.04701650943396226 0.08541666666666667
1 0.43253537735849057 0.36875 0.08115566037735848 0.12916666666666668
1 0.44727594339622645 0.22291666666666668 0.04224056603773585 0.10833333333333334
1 0.446686320754717 0.09479166666666666 0.04813679245283019 0.06041666666666667
1 0.5404127358490566 0.041666666666666664 0.028066037735849057 0.08333333333333333
1 0.5970047169811321 0.08020833333333334 0.058691037735849064 0.09791666666666667
1 0.5863915094339622 0.17604166666666668 0.07284198113207548 0.07291666666666667
1 0.6052594339622641 0.30416666666666664 0.06576650943396227 0.09583333333333334
1 0.7544103773584906 0.21770833333333334 0.06216981132075471 0.07708333333333334
1 0.7709080188679246 0.12916666666666668 0.06688679245283019 0.07083333333333333
1 0.7184433962264151 0.04791666666666667 0.04922169811320755 0.05416666666666667