1 0.19327830188679246 0.6406458333333334 0.11908018867924529 0.3725
1 0.7901415094339622 0.6482500000000001 0.168938679245283 0.2627083333333333
1 0.19113207547169814 0.30225 0.09121462264150942 0.18533333333333332
1 0.4275235849056604 0.35872916666666665 0.0972877358490566 0.1921875
1 0.7852240566037736 0.3775833333333333 0.132311320754717 0.17972916666666666
1 0.915566037735849 0.3853958333333333 0.08959905660377358 0.16410416666666666
1 0.6015448113207548 0.3011666666666667 0.11015330188679245 0.16229166666666667
1 0.4305542452830189 0.185 0.09836084905660376 0.14870833333333333
1 0.28976415094339625 0.1028125 0.07620283018867925 0.1301875
1 0.4420872641509434 0.06504166666666666 0.08602594339622642 0.08589583333333332
1 0.5947641509433963 0.14666666666666667 0.12015330188679245 0.09291666666666668
1 0.7565094339622641 0.20754166666666668 0.10755896226415093 0.17297916666666666
1 0.948490566037736 0.17937499999999998 0.1023820754716981 0.2103958333333333
1 0.7849528301886792 0.06772916666666666 0.11140330188679246 0.11208333333333333
1 0.6080306603773585 0.046125 0.09362028301886792 0.09222916666666667