0 0.7705625 0.024610849056603774 0.08408333333333333 0.04922169811320755
0 0.9217291666666667 0.01944575471698113 0.15654166666666666 0.03889150943396226
0 0.9561458333333334 0.06278301886792453 0.08770833333333333 0.07819575471698113
0 0.45716666666666667 0.13242924528301886 0.154125 0.1251179245283019
0 0.6997708333333333 0.17820754716981133 0.1414375 0.07209905660377358
0 0.8523333333333334 0.20916273584905662 0.07614583333333333 0.11750000000000001
0 0.9241041666666666 0.20781839622641507 0.10141666666666667 0.046285377358490566
0 0.5888125 0.26422169811320756 0.1335 0.09544811320754716
0 0.3221875 0.3106839622641509 0.2563125 0.056191037735849055
0 0.4775625 0.4323584905660377 0.14439583333333333 0.12399764150943397
0 0.43162500000000004 0.5299174528301887 0.24897916666666667 0.0527122641509434
0 0.6797083333333334 0.365813679245283 0.08670833333333333 0.13918632075471699
0 0.7860833333333334 0.3886556603773585 0.07495833333333332 0.10682783018867925
0 0.9198958333333334 0.35409198113207546 0.1601875 0.03561320754716981
0 0.9174166666666667 0.41156839622641506 0.09289583333333334 0.07659198113207548
0 0.8523541666666666 0.4825235849056604 0.04695833333333333 0.04880896226415094
0 0.8371666666666666 0.5276179245283019 0.20229166666666665 0.05514150943396226
0 0.9234791666666666 0.48975235849056603 0.050583333333333334 0.05086084905660378
0 0.9819375 0.49527122641509436 0.036145833333333335 0.05373820754716981
0 0.6538541666666667 0.5621698113207547 0.09095833333333332 0.11929245283018867
0 0.8690625 0.5960966981132075 0.09133333333333334 0.066875
0 0.961 0.5874764150943397 0.07797916666666667 0.04805424528301887
0 0.6152291666666667 0.6306603773584906 0.2294375 0.04974056603773585
0 0.26508333333333334 0.7221698113207546 0.19354166666666667 0.15841981132075472
0 0.514625 0.755377358490566 0.0975625 0.10713443396226414
0 0.6447291666666667 0.7166745283018868 0.13885416666666667 0.04418632075471698
0 0.762375 0.6816037735849056 0.09647916666666667 0.0879245283018868
0 0.9441458333333334 0.6740094339622641 0.07002083333333334 0.04558962264150943
0 0.8520625000000001 0.7429952830188679 0.07402083333333334 0.1030070754716981
0 0.7717916666666667 0.7853183962264152 0.12297916666666667 0.05963443396226415
0 0.9454375 0.7863561320754717 0.10910416666666665 0.041049528301886795
0 0.35441666666666666 0.917193396226415 0.17483333333333334 0.10859669811320755
0 0.6009583333333333 0.9559080188679245 0.10239583333333332 0.06418632075471697
0 0.6909375 0.8774528301886793 0.07804166666666666 0.0725
0 0.8413958333333333 0.8731603773584906 0.112625 0.041191037735849055
0 0.9386666666666666 0.8585377358490566 0.059083333333333335 0.0429127358490566
0 0.7745208333333333 0.9670754716981133 0.059145833333333335 0.06586084905660378
0 0.9107916666666667 0.965377358490566 0.1784375 0.06452830188679246