1 0.20556603773584906 0.04583333333333333 0.05175707547169811 0.09166666666666666
1 0.22148584905660376 0.18125 0.08123820754716982 0.13333333333333333
1 0.06702830188679246 0.18541666666666667 0.04120283018867924 0.1375
1 0.05818396226415095 0.36770833333333336 0.07540094339622641 0.10208333333333333
1 0.06643867924528302 0.6520833333333333 0.08246462264150944 0.13333333333333333
1 0.38654481132075474 0.10208333333333333 0.07410377358490566 0.09583333333333334
1 0.5557429245283019 0.07708333333333334 0.03984669811320755 0.09583333333333334
1 0.5062264150943396 0.20833333333333334 0.0634433962264151 0.1
1 0.363561320754717 0.30625 0.07764150943396227 0.10833333333333334
1 0.3965683962264151 0.5052083333333334 0.049339622641509435 0.12291666666666666
1 0.42780660377358487 0.9364583333333333 0.10002358490566036 0.12708333333333333
1 0.5687146226415094 0.39791666666666664 0.05870283018867924 0.10416666666666667
1 0.610566037735849 0.5989583333333334 0.055153301886792454 0.13125
1 0.6488797169811321 0.196875 0.07283018867924528 0.08125
1 0.7992099056603774 0.16979166666666667 0.043290094339622644 0.11875
1 0.7408490566037736 0.24895833333333334 0.05628537735849056 0.08541666666666667
1 0.7856485849056604 0.33958333333333335 0.051556603773584904 0.15833333333333333
1 0.9230070754716981 0.48020833333333335 0.08805424528301888 0.08958333333333333
1 0.9335966981132076 0.9385416666666667 0.1328183962264151 0.12291666666666666