1 0.43194575471698116 0.5614583333333333 0.05639150943396226 0.13541666666666666
1 0.6500589622641509 0.56875 0.09168632075471699 0.15
1 0.7054716981132075 0.3875 0.07988207547169811 0.0875
1 0.6311910377358491 0.27395833333333336 0.08462264150943397 0.13125
1 0.7308254716981132 0.08333333333333333 0.06454009433962264 0.12083333333333333
1 0.6023113207547169 0.04791666666666667 0.05987028301886793 0.09166666666666666
1 0.4684905660377358 0.0375 0.04224056603773585 0.075
1 0.47615566037735846 0.16666666666666666 0.050483490566037736 0.10833333333333334
1 0.4508018867924528 0.3260416666666667 0.05167452830188679 0.12291666666666666
1 0.24682783018867924 0.6885416666666667 0.1272051886792453 0.13125
1 0.26274764150943397 0.2520833333333333 0.055283018867924534 0.15833333333333333
1 0.35412735849056604 0.14583333333333334 0.03991745283018868 0.07916666666666666
1 0.02734669811320755 0.521875 0.0546933962264151 0.21458333333333332
1 0.07705188679245284 0.078125 0.09425707547169812 0.14791666666666667