1 0.1560849056603774 0.27166666666666667 0.08325471698113207 0.13920833333333332
1 0.11396226415094339 0.5304583333333334 0.08182783018867924 0.22362500000000002
1 0.26360849056603775 0.7843541666666667 0.11417452830188679 0.20760416666666667
1 0.4592452830188679 0.34600000000000003 0.08504716981132077 0.1404375
1 0.5906132075471697 0.6410625 0.145625 0.12933333333333333
1 0.750625 0.43524999999999997 0.09503537735849057 0.17608333333333331
1 0.714693396226415 0.25627083333333334 0.050129716981132076 0.0859375
1 0.7264858490566037 0.13825 0.04675707547169811 0.08800000000000001
1 0.6434080188679245 0.07083333333333333 0.058750000000000004 0.09445833333333334
1 0.5530188679245283 0.07529166666666667 0.0778066037735849 0.103375
1 0.5586320754716981 0.20025 0.053101415094339625 0.11535416666666666
1 0.34528301886792456 0.24191666666666667 0.0687382075471698 0.10347916666666666
1 0.4227594339622642 0.14570833333333333 0.05529481132075472 0.0935
1 0.299811320754717 0.09314583333333333 0.06535377358490566 0.10339583333333334
1 0.35959905660377356 0.03075 0.06369103773584905 0.0615
1 0.06514150943396227 0.0881875 0.08995283018867925 0.12520833333333334