0 0.6109583333333333 0.050542452830188676 0.23270833333333335 0.10107311320754717
0 0.9082916666666667 0.17267688679245283 0.18341666666666667 0.0690683962264151
0 0.49189583333333337 0.18530660377358488 0.1482291666666667 0.15836084905660378
0 0.32377083333333334 0.2636438679245283 0.16912500000000003 0.0690683962264151
0 0.7626875 0.28891509433962265 0.13622916666666668 0.07244103773584906
0 0.45920833333333333 0.3815683962264151 0.26835416666666667 0.0690683962264151
0 0.8266666666666667 0.4110495283018868 0.10347916666666666 0.04716981132075472
0 0.13485416666666666 0.5011792452830188 0.15516666666666667 0.07917452830188679
0 0.4829583333333333 0.570247641509434 0.1839375 0.06233490566037736
0 0.6734166666666667 0.5357193396226415 0.13625 0.13477594339622642
0 0.846 0.6822759433962264 0.08858333333333333 0.1179245283018868
0 0.8787291666666667 0.8187382075471697 0.09452083333333333 0.07412735849056604
0 0.6927916666666667 0.811992924528302 0.19404166666666667 0.13477594339622642
0 0.7344166666666666 0.939186320754717 0.13920833333333332 0.06569575471698114
0 0.5544166666666667 0.7117570754716982 0.16127083333333334 0.0690683962264151
0 0.11995833333333333 0.7437617924528303 0.07779166666666668 0.12634433962264152
0 0.2523958333333333 0.905495283018868 0.2474375 0.1465683962264151