1 0.05561320754716981 0.6881666666666667 0.11122641509433961 0.20808333333333331
1 0.3842806603773585 0.8164583333333333 0.16499999999999998 0.26677083333333335
1 0.6716391509433962 0.7462916666666667 0.144186320754717 0.23058333333333333
1 0.435377358490566 0.39675 0.10211084905660378 0.19814583333333333
1 0.7360849056603774 0.5170208333333333 0.0903183962264151 0.1783125
1 0.8655896226415094 0.384125 0.09576650943396225 0.17293750000000002
1 0.6210731132075471 0.3145 0.06665094339622642 0.14825
1 0.7935377358490565 0.2045625 0.07549528301886792 0.11587499999999999
1 0.6842334905660378 0.1570625 0.08683962264150943 0.16670833333333332
1 0.5064033018867925 0.1528125 0.06727594339622642 0.137375
1 0.3992452830188679 0.20929166666666665 0.10648584905660377 0.12533333333333332
1 0.068125 0.34658333333333335 0.1362382075471698 0.2228125
1 0.20891509433962263 0.1215 0.061910377358490566 0.16849999999999998
1 0.11095518867924528 0.050687499999999996 0.10773584905660377 0.08939583333333333
1 0.42435141509433966 0.049124999999999995 0.07415094339622642 0.08622916666666666