0 0.41883333333333334 0.08943396226415094 0.09485416666666667 0.17886792452830189
0 0.5669791666666666 0.21474056603773584 0.12406249999999999 0.10627358490566038
0 0.6622291666666666 0.09783018867924527 0.115 0.10173349056603773
0 0.806375 0.1077122641509434 0.0775 0.1513797169811321
0 0.6741041666666666 0.3095047169811321 0.08591666666666667 0.17621462264150944
0 0.3426458333333333 0.30298349056603774 0.24187499999999998 0.05350235849056603
0 0.5094166666666667 0.3815566037735849 0.12179166666666667 0.1558254716981132
0 0.9145625000000001 0.2571698113207547 0.170625 0.05159198113207547
0 0.7781666666666667 0.3048466981132075 0.1179375 0.1070872641509434
0 0.4886666666666667 0.512252358490566 0.24333333333333332 0.06338443396226415
0 0.6979166666666666 0.4934316037735849 0.05429166666666666 0.1553183962264151
0 0.8575416666666666 0.44345518867924527 0.18864583333333332 0.04709905660377358
0 0.8875624999999999 0.3893514150943396 0.160625 0.06178066037735849
0 0.40175 0.6826768867924528 0.16635416666666666 0.16001179245283018
0 0.6024583333333333 0.6835966981132076 0.10112499999999999 0.12198113207547169
0 0.7348125 0.631686320754717 0.11927083333333334 0.07795990566037736
0 0.5096875 0.826497641509434 0.15329166666666666 0.11373820754716982
0 0.7662291666666667 0.9570754716981132 0.12045833333333333 0.08583726415094341
0 0.7258541666666667 0.8417216981132075 0.08377083333333334 0.06943396226415095
0 0.8670000000000001 0.8568160377358491 0.0843125 0.09961084905660378
0 0.7868958333333332 0.7616509433962264 0.07377083333333333 0.0787382075471698
0 0.9205625000000001 0.7440683962264151 0.09458333333333332 0.053549528301886785
0 0.9579166666666666 0.8122169811320754 0.08416666666666667 0.08018867924528301
0 0.8343333333333334 0.6772405660377357 0.107 0.05444575471698113
0 0.9121041666666667 0.6275353773584905 0.06883333333333333 0.09956367924528303
0 0.8187916666666666 0.5899528301886792 0.08470833333333333 0.08420990566037735
0 0.6691041666666667 0.5655188679245283 0.20797916666666666 0.05529481132075472
0 0.8939583333333334 0.49600235849056606 0.06777083333333334 0.08570754716981133
0 0.9559166666666666 0.5585377358490566 0.07725 0.06623820754716982
0 0.9608541666666667 0.483938679245283 0.07829166666666666 0.06156839622641509
0 0.9762708333333333 0.13632075471698113 0.04747916666666666 0.12387971698113207