1 0.15455188679245283 0.8675833333333334 0.12417452830188679 0.26483333333333337
1 0.6616745283018868 0.9613333333333334 0.18912735849056603 0.07733333333333332
1 0.8013089622641509 0.6453958333333334 0.10283018867924529 0.26839583333333333
1 0.4798702830188679 0.5804166666666667 0.12034198113207546 0.22177083333333333
1 0.7766509433962264 0.3893333333333333 0.07709905660377359 0.16252083333333334
1 0.585247641509434 0.2953125 0.07754716981132076 0.22445833333333332
1 0.3606485849056604 0.38508333333333333 0.07647405660377357 0.1331875
1 0.15745283018867925 0.4987291666666666 0.10050707547169811 0.18337499999999998
1 0.7834433962264151 0.15712500000000001 0.06708726415094339 0.19810416666666666
1 0.5737264150943396 0.08379166666666667 0.08987028301886792 0.15560416666666665
1 0.6708254716981132 0.05645833333333334 0.060035377358490565 0.09047916666666667
1 0.26523584905660375 0.16685416666666666 0.07432783018867925 0.10297916666666666
1 0.4389150943396226 0.250625 0.09148584905660377 0.12464583333333333
1 0.3500235849056604 0.046125 0.09058962264150942 0.09222916666666667
1 0.0492688679245283 0.22039583333333335 0.08459905660377358 0.17879166666666665