1 0.05338443396226415 0.8306875 0.09871462264150943 0.18789583333333332
1 0.2670754716981132 0.7644166666666667 0.12516509433962264 0.26368749999999996
1 0.2836438679245283 0.22495833333333334 0.11702830188679245 0.22641666666666668
1 0.4702712264150944 0.41172916666666665 0.10113207547169811 0.22495833333333334
1 0.5054716981132076 0.114 0.0771816037735849 0.20241666666666666
1 0.6797169811320755 0.32118749999999996 0.08959905660377358 0.21054166666666668
1 0.7022759433962263 0.6518125 0.10523584905660377 0.20512499999999997
1 0.6226297169811321 0.930875 0.1287382075471698 0.13825
1 0.9245872641509434 0.6587291666666667 0.1430306603773585 0.26064583333333335
1 0.8728655660377359 0.23735416666666667 0.07495283018867925 0.15747916666666667
1 0.9379952830188679 0.1155625 0.05191037735849057 0.2055625