1 0.18081367924528302 0.2916666666666667 0.05412735849056603 0.1375
1 0.2792570754716981 0.16041666666666668 0.062346698113207547 0.07083333333333333
1 0.24505896226415094 0.471875 0.07179245283018869 0.11875
1 0.3794693396226415 0.2604166666666667 0.09061320754716981 0.15833333333333333
1 0.4107193396226415 0.7635416666666667 0.11535377358490566 0.18541666666666667
1 0.5150589622641509 0.17604166666666668 0.06462264150943396 0.09375
1 0.5804952830188679 0.34479166666666666 0.08463443396226415 0.13125
1 0.6730542452830188 0.13333333333333333 0.0504127358490566 0.0875
1 0.6813089622641509 0.24375 0.06692216981132075 0.09583333333333334
1 0.8186674528301887 0.21458333333333332 0.08455188679245283 0.075
1 0.737311320754717 0.5052083333333334 0.058643867924528296 0.16875
1 0.8575707547169812 0.384375 0.07274764150943396 0.10208333333333333
1 0.9330306603773585 0.23541666666666666 0.056214622641509435 0.08333333333333333
1 0.9560259433962265 0.16458333333333333 0.04794811320754717 0.10416666666666667