1 0.21912735849056603 0.7302083333333333 0.11660377358490566 0.16041666666666668
1 0.543938679245283 0.7333333333333333 0.12709905660377357 0.14166666666666666
1 0.7638325471698113 0.5802083333333333 0.11640330188679245 0.14375
1 0.7709198113207547 0.403125 0.040943396226415095 0.11041666666666666
1 0.8292806603773585 0.290625 0.05860849056603774 0.10625
1 0.7432075471698113 0.190625 0.05156839622641509 0.05625
1 0.6553655660377359 0.17708333333333334 0.06928066037735849 0.1
1 0.6329716981132075 0.29583333333333334 0.043349056603773584 0.09166666666666666
1 0.49266509433962263 0.38645833333333335 0.050483490566037736 0.13125
1 0.512122641509434 0.21145833333333333 0.05165094339622641 0.08541666666666667
1 0.5740212264150943 0.036458333333333336 0.05988207547169812 0.07291666666666667
1 0.4873702830188679 0.07708333333333334 0.033231132075471695 0.08333333333333333
1 0.4077712264150944 0.12708333333333333 0.03871462264150943 0.1
1 0.4207429245283019 0.278125 0.06229952830188679 0.06875
1 0.23681603773584906 0.25625 0.043750000000000004 0.12083333333333333
1 0.15724056603773584 0.459375 0.08970518867924528 0.19375
1 0.12009433962264152 0.209375 0.05768867924528302 0.11041666666666666
1 0.21913915094339625 0.08333333333333333 0.06260613207547171 0.11666666666666667