1 0.508502358490566 0.698125 0.10685141509433962 0.2070625
1 0.8670165094339622 0.5006875000000001 0.10452830188679245 0.24883333333333332
1 0.7004481132075472 0.48072916666666665 0.08389150943396226 0.17520833333333333
1 0.5537971698113208 0.461125 0.1413325471698113 0.17029166666666665
1 0.06575471698113207 0.3284375 0.07040094339622642 0.19602083333333334
1 0.2792216981132076 0.41102083333333334 0.12587264150943395 0.16327083333333334
1 0.44981132075471697 0.33975000000000005 0.09558962264150944 0.10404166666666666
1 0.6222759433962265 0.2733333333333333 0.10443396226415094 0.1170625
1 0.818372641509434 0.24983333333333332 0.08389150943396226 0.13254166666666667
1 0.208561320754717 0.17402083333333335 0.06708726415094339 0.15802083333333333
1 0.3246933962264151 0.24927083333333336 0.06351415094339623 0.12102083333333334
1 0.4777240566037736 0.21891666666666668 0.12194575471698113 0.11239583333333333
1 0.36297169811320756 0.12166666666666666 0.08701650943396227 0.136625
1 0.5134669811320755 0.12783333333333333 0.07549528301886792 0.08645833333333333
1 0.6631957547169811 0.17120833333333335 0.11550707547169811 0.0690625