1 0.09125 0.05754166666666667 0.09502358490566037 0.11508333333333334
1 0.26107311320754717 0.027770833333333335 0.04849056603773585 0.0555625
1 0.21952830188679245 0.247875 0.0709316037735849 0.16299999999999998
1 0.1325117924528302 0.6465625 0.11693396226415094 0.15133333333333335
1 0.31890330188679245 0.5706875 0.0676061320754717 0.13045833333333332
1 0.3756014150943396 0.3529791666666667 0.062016509433962266 0.095625
1 0.32339622641509436 0.15662500000000001 0.04515330188679245 0.08358333333333333
1 0.4322995283018868 0.20220833333333335 0.05811320754716981 0.11472916666666667
1 0.45672169811320756 0.052458333333333336 0.02946933962264151 0.1009375
1 0.5844457547169811 0.093125 0.05242924528301887 0.08702083333333334
1 0.6950471698113208 0.15062499999999998 0.07147405660377358 0.11872916666666668
1 0.5611438679245283 0.3212083333333334 0.09005896226415094 0.15035416666666668
1 0.6085966981132076 0.45364583333333336 0.07445754716981132 0.102625
1 0.5170872641509434 0.6068958333333333 0.08902122641509433 0.15925