1 0.14268867924528303 0.1308125 0.06471698113207547 0.09014583333333334
1 0.0904245283018868 0.24377083333333335 0.05283018867924528 0.09164583333333334
1 0.13806603773584905 0.3116041666666666 0.09008254716981132 0.15614583333333334
1 0.26661556603773584 0.07004166666666665 0.04261792452830189 0.08083333333333333
1 0.3627594339622642 0.0381875 0.07080188679245283 0.076375
1 0.2800825471698113 0.21416666666666667 0.044280660377358484 0.11658333333333333
1 0.2882311320754717 0.3785625 0.06465801886792452 0.11804166666666666
1 0.43090801886792457 0.19391666666666665 0.04563679245283019 0.11347916666666666
1 0.5160259433962264 0.05679166666666667 0.07293632075471698 0.10110416666666668
1 0.6814150943396227 0.15806250000000002 0.08081367924528302 0.10727083333333334
1 0.41877358490566036 0.37543750000000004 0.06636792452830188 0.11181250000000001
1 0.32153301886792457 0.5593125000000001 0.038620283018867926 0.12416666666666668
1 0.14731132075471698 0.6317708333333333 0.08191037735849056 0.11010416666666667
1 0.5795400943396226 0.5125625 0.051745283018867924 0.12420833333333332
1 0.6979599056603774 0.33491666666666664 0.07948113207547171 0.1243125
1 0.6950943396226416 0.7244583333333333 0.06581367924528302 0.1739375
1 0.5085259433962265 0.8753333333333334 0.10029481132075471 0.15302083333333333