1 0.21825471698113208 0.8383333333333333 0.12185141509433962 0.21675000000000003
1 0.47812499999999997 0.7843958333333333 0.13454009433962263 0.19220833333333334
1 0.5421816037735849 0.4998125 0.15652122641509433 0.2063958333333333
1 0.8914858490566038 0.46 0.14758254716981134 0.17883333333333334
1 0.7864740566037736 0.22497916666666665 0.09675707547169811 0.12547916666666667
1 0.5207900943396226 0.17220833333333332 0.13141509433962265 0.15535416666666665
1 0.32451650943396226 0.30531250000000004 0.08084905660377359 0.2548958333333333
1 0.07982311320754716 0.5107083333333333 0.0985377358490566 0.16568750000000002
1 0.2357193396226415 0.061875 0.11550707547169811 0.12377083333333333
1 0.4427122641509434 0.03666666666666667 0.06959905660377359 0.07331249999999999
1 0.657877358490566 0.06504166666666666 0.09308962264150943 0.1300625