0 0.15172916666666666 0.1316627358490566 0.27127083333333335 0.1541627358490566
0 0.5352916666666666 0.22336084905660378 0.20587499999999997 0.16423349056603775
0 0.7350833333333333 0.12687500000000002 0.107875 0.08502358490566037
0 0.2721458333333333 0.4035495283018868 0.15804166666666666 0.21045990566037737
0 0.6575833333333333 0.4398231132075472 0.26866666666666666 0.1313443396226415
0 0.7519791666666666 0.3423820754716981 0.13208333333333333 0.10979952830188679
0 0.9480625 0.362063679245283 0.09366666666666666 0.14915094339622642
0 0.950625 0.23867924528301887 0.09874999999999999 0.08113207547169811
0 0.45749999999999996 0.545058962264151 0.059875 0.11432783018867924
0 0.36493749999999997 0.6064976415094339 0.15222916666666667 0.09637971698113208
0 0.36485416666666665 0.734622641509434 0.123375 0.09262971698113207
0 0.06393750000000001 0.8977712264150943 0.12787500000000002 0.15351415094339624
0 0.4111875 0.8989740566037736 0.18733333333333332 0.09633254716981132
0 0.5827083333333333 0.8999292452830189 0.1284583333333333 0.16326650943396226
0 0.7345833333333334 0.8931957547169811 0.09729166666666668 0.0685377358490566
0 0.9099583333333333 0.8460377358490566 0.18010416666666668 0.06774764150943396
0 0.9362708333333334 0.9266981132075472 0.12745833333333334 0.08679245283018867
0 0.5678333333333333 0.6909080188679245 0.14658333333333334 0.1189622641509434
0 0.6784583333333334 0.793691037735849 0.15731250000000002 0.09702830188679246
0 0.771625 0.7336084905660377 0.10439583333333333 0.11226415094339623
0 0.8813124999999999 0.765436320754717 0.1228125 0.11091981132075472
0 0.6414166666666666 0.5911674528301887 0.15020833333333333 0.07653301886792453
0 0.7730625 0.6349646226415094 0.10729166666666666 0.07747641509433963
0 0.8171458333333333 0.5171816037735849 0.23372916666666665 0.08023584905660378
0 0.933875 0.6404127358490567 0.13225 0.08295990566037735