1 0.2502712264150943 0.807 0.1328419811320755 0.24785416666666665
1 0.5870283018867924 0.7581458333333334 0.19904481132075472 0.15010416666666665
1 0.6889622641509434 0.5399791666666667 0.08451650943396227 0.1513125
1 0.8320872641509434 0.4166875 0.08772405660377358 0.22762500000000002
1 0.3586438679245283 0.3401875 0.10193396226415094 0.17881249999999999
1 0.5573702830188679 0.2961875 0.06896226415094339 0.15331250000000002
1 0.7775000000000001 0.2103125 0.06110849056603774 0.11697916666666666
1 0.6661438679245283 0.13404166666666667 0.08012971698113208 0.16233333333333333
1 0.4868867924528302 0.14027083333333332 0.08129716981132075 0.14354166666666668
1 0.3520754716981132 0.15179166666666666 0.08290094339622642 0.14575
1 0.027912735849056607 0.24987499999999999 0.0558372641509434 0.25858333333333333
1 0.1613443396226415 0.09341666666666668 0.11417452830188679 0.1868125