1 0.11892688679245282 0.6520833333333333 0.08379716981132075 0.23333333333333334
1 0.11007075471698113 0.3302083333333333 0.05415094339622642 0.14375
1 0.2545047169811321 0.10416666666666667 0.046120283018867926 0.1125
1 0.019091981132075473 0.115625 0.038183962264150946 0.14791666666666667
1 0.31286556603773585 0.023958333333333335 0.044952830188679245 0.04791666666666667
1 0.3287735849056604 0.28020833333333334 0.07175707547169811 0.08125
1 0.3034433962264151 0.9072916666666667 0.11569575471698113 0.18541666666666667
1 0.4649528301886792 0.38645833333333335 0.05402122641509434 0.14375
1 0.6329599056603774 0.734375 0.13295990566037735 0.15208333333333332
1 0.7650117924528302 0.48020833333333335 0.09518867924528301 0.16041666666666668
1 0.7131485849056604 0.2916666666666667 0.05570754716981132 0.1125
1 0.5522169811320754 0.23125 0.0544811320754717 0.09583333333333334
1 0.7178537735849057 0.15208333333333332 0.05511792452830189 0.09583333333333334
1 0.6141155660377359 0.0625 0.048608490566037735 0.07083333333333333
1 0.5304009433962263 0.07916666666666666 0.07215801886792453 0.1
1 0.394811320754717 0.16875 0.06503537735849056 0.07916666666666666