1 0.0473938679245283 0.6104166666666667 0.0947877358490566 0.2625
1 0.11949292452830189 0.240625 0.07773584905660377 0.21458333333333332
1 0.18964622641509432 0.43333333333333335 0.10246462264150943 0.15
1 0.3947995283018868 0.14791666666666667 0.06937499999999999 0.10833333333333334
1 0.5103537735849056 0.04375 0.038679245283018866 0.08333333333333333
1 0.3028419811320755 0.04583333333333333 0.05290094339622641 0.09166666666666666
1 0.3824174528301887 0.4822916666666667 0.14838443396226414 0.13541666666666666
1 0.606438679245283 0.3104166666666667 0.07520047169811321 0.15833333333333333
1 0.6748231132075472 0.12708333333333333 0.09403301886792452 0.12083333333333333
1 0.9112146226415094 0.125 0.06919811320754717 0.15833333333333333
1 0.9188797169811321 0.38229166666666664 0.1505424528301887 0.19375
1 0.7284669811320755 0.6458333333333334 0.1282075471698113 0.23333333333333334