0 0.21991666666666668 0.06087264150943396 0.11352083333333333 0.12173349056603774
0 0.43522916666666667 0.1115683962264151 0.09558333333333334 0.14908018867924527
0 0.5916250000000001 0.1704009433962264 0.14797916666666666 0.13694575471698112
0 0.6791041666666667 0.1521108490566038 0.15904166666666666 0.10204009433962265
0 0.8115 0.06411556603773584 0.19516666666666668 0.05196933962264151
0 0.8691666666666666 0.04706367924528301 0.10058333333333333 0.07286556603773585
0 0.8400416666666667 0.11985849056603774 0.12089583333333334 0.06976415094339622
0 0.9609375 0.1825117924528302 0.07814583333333333 0.08634433962264151
0 0.8895625 0.2079952830188679 0.07531249999999999 0.06470518867924528
0 0.8153958333333333 0.23181603773584908 0.07858333333333332 0.05956367924528302
0 0.82575 0.2796580188679245 0.208125 0.034233490566037736
0 0.9668541666666666 0.28224056603773584 0.0663125 0.05740566037735849
0 0.8957291666666667 0.31761792452830184 0.06393750000000001 0.08125
0 0.6920208333333334 0.36890330188679243 0.09225 0.12252358490566038
0 0.4637291666666667 0.3228891509433962 0.08262499999999999 0.1427122641509434
0 0.26197916666666665 0.30695754716981133 0.23489583333333333 0.07344339622641509
0 0.9784166666666666 0.3606721698113208 0.043166666666666666 0.03345518867924528
0 0.944625 0.4424056603773585 0.05327083333333334 0.09132075471698113
0 0.8361249999999999 0.4288443396226415 0.10447916666666666 0.05981132075471698
0 0.70075 0.4576179245283019 0.19910416666666667 0.03596698113207547
0 0.48508333333333337 0.4479009433962264 0.2419375 0.04512971698113208
0 0.759375 0.49783018867924533 0.12589583333333335 0.05742924528301887
0 0.897 0.5091745283018868 0.11741666666666667 0.035660377358490564
0 0.8814583333333333 0.5932193396226415 0.05525 0.04974056603773585
0 0.0615625 0.5810966981132075 0.12314583333333333 0.11969339622641509
0 0.47927083333333337 0.6184433962264152 0.09816666666666667 0.16619103773584906
0 0.6832708333333334 0.5636556603773585 0.1175 0.0632311320754717
0 0.6363125000000001 0.7148584905660378 0.15185416666666668 0.06423349056603773
0 0.8387291666666666 0.6778419811320754 0.07858333333333332 0.056191037735849055
0 0.9755 0.5521108490566038 0.04897916666666667 0.02474056603773585
0 0.9764791666666667 0.6518042452830188 0.04704166666666666 0.09213443396226415
0 0.93425 0.7421698113207548 0.09472916666666667 0.06384433962264151
0 0.9210833333333334 0.8141981132075472 0.1578125 0.06050707547169812