1 0.11587264150943397 0.5208958333333333 0.08808962264150944 0.15164583333333334
1 0.30048349056603774 0.39910416666666665 0.09764150943396226 0.19972916666666668
1 0.47062499999999996 0.78525 0.1254245283018868 0.2220208333333333
1 0.44266509433962264 0.5387083333333333 0.08129716981132075 0.16645833333333335
1 0.5938207547169811 0.5295416666666667 0.10058962264150943 0.27308333333333334
1 0.8516509433962265 0.51425 0.12096698113207546 0.22168749999999998
1 0.6744457547169811 0.28197916666666667 0.11444575471698112 0.22589583333333335
1 0.8673231132075472 0.224875 0.11104952830188679 0.19504166666666667
1 0.4447641509433963 0.18197916666666666 0.09139150943396226 0.19256250000000003
1 0.2933372641509434 0.08616666666666667 0.08334905660377359 0.15716666666666665
1 0.03225235849056604 0.11077083333333333 0.06235849056603774 0.16472916666666665
1 0.6193278301886793 0.05241666666666667 0.11033018867924528 0.10485416666666666