0 0.3176875 0.2544929245283019 0.21600000000000003 0.22525943396226417
0 0.38395833333333335 0.6930306603773586 0.22872916666666668 0.16169811320754718
0 0.6511250000000001 0.7855778301886792 0.2628333333333333 0.09904481132075471
0 0.5760208333333333 0.4846698113207547 0.20193750000000002 0.10397405660377358
0 0.7149583333333334 0.5482193396226415 0.1135625 0.12992924528301888
0 0.7845833333333334 0.6202004716981131 0.1366875 0.07166273584905661
0 0.8878541666666667 0.7027122641509433 0.14670833333333333 0.059705188679245284
0 0.8402708333333333 0.47556603773584905 0.14983333333333335 0.11608490566037735
0 0.5982083333333333 0.19903301886792452 0.10339583333333334 0.12428066037735849
0 0.7172499999999999 0.2455188679245283 0.13602083333333334 0.12621462264150943
0 0.7475625 0.15129716981132077 0.05372916666666667 0.04902122641509434
0 0.8428541666666667 0.1434198113207547 0.10137499999999999 0.04336084905660378
0 0.6401041666666667 0.034339622641509436 0.16037500000000002 0.06867924528301887
0 0.7912916666666666 0.04267688679245283 0.12329166666666666 0.07954009433962264
0 0.962625 0.03606132075471698 0.07295833333333333 0.0713561320754717
0 0.9401666666666666 0.2113207547169811 0.06375 0.08816037735849057
0 0.8131458333333333 0.26587264150943396 0.06875 0.07087264150943397
0 0.8136041666666666 0.4076297169811321 0.25729166666666664 0.09650943396226415
0 0.9251041666666667 0.32107311320754717 0.14977083333333333 0.11047169811320756
0 0.8854166666666666 0.5987146226415094 0.07037500000000001 0.0741745283018868
0 0.9531458333333334 0.5377594339622641 0.054000000000000006 0.07363207547169812