1 0.4345283018867925 0.7835 0.11810141509433963 0.26333333333333336
1 0.7325117924528302 0.6095416666666666 0.20109669811320754 0.14460416666666667
1 0.8297995283018867 0.34445833333333337 0.12444575471698113 0.20814583333333334
1 0.5404834905660377 0.2732291666666667 0.07057783018867925 0.1803125
1 0.21673349056603772 0.5240833333333333 0.10702830188679247 0.29660416666666667
1 0.19676886792452833 0.2177916666666667 0.06119103773584906 0.184
1 0.40661556603773585 0.16645833333333335 0.09174528301886792 0.15425000000000003
1 0.614811320754717 0.11354166666666667 0.05413915094339622 0.12133333333333333
1 0.7677122641509434 0.16583333333333333 0.05923349056603773 0.11133333333333333
1 0.7638797169811321 0.04454166666666667 0.0633372641509434 0.08908333333333333
1 0.46200471698113205 0.06345833333333334 0.08459905660377358 0.12691666666666668
1 0.02523584905660377 0.2423958333333333 0.05047169811320754 0.19154166666666667
1 0.060165094339622645 0.04927083333333333 0.05923349056603773 0.09854166666666667