1 0.12122641509433962 0.6397291666666667 0.09880896226415095 0.20404166666666665
1 0.5058254716981132 0.8232708333333334 0.10148584905660378 0.164875
1 0.8205542452830189 0.4951875 0.12954009433962263 0.13368750000000001
1 0.5926179245283019 0.5429583333333333 0.09228773584905661 0.20839583333333334
1 0.44623820754716986 0.6019791666666666 0.08844339622641509 0.15975
1 0.2904834905660377 0.5194583333333334 0.12479952830188679 0.22389583333333332
1 0.6160259433962264 0.32110416666666663 0.09192216981132076 0.19177083333333333
1 0.7884905660377358 0.2556458333333333 0.10076650943396227 0.1650208333333333
1 0.25278301886792454 0.24516666666666667 0.0965683962264151 0.15447916666666667
1 0.402063679245283 0.30533333333333335 0.07674528301886792 0.16025
1 0.5508018867924528 0.14208333333333334 0.07942216981132075 0.14622916666666666
1 0.683561320754717 0.06252083333333333 0.08549528301886793 0.1225
1 0.898372641509434 0.07979166666666666 0.08469339622641509 0.12579166666666666
1 0.3825 0.09814583333333333 0.07298349056603774 0.15210416666666668
1 0.1846108490566038 0.06402083333333333 0.08996462264150944 0.09427083333333333