1 0.05643867924528302 0.3862291666666666 0.11071933962264151 0.21364583333333334
1 0.06937499999999999 0.7080416666666667 0.13874999999999998 0.19499999999999998
1 0.41150943396226414 0.781375 0.1445754716981132 0.18975
1 0.42612028301886795 0.37079166666666663 0.06596698113207547 0.19
1 0.3705424528301887 0.23047916666666665 0.07609669811320754 0.08197916666666667
1 0.19622641509433963 0.18489583333333334 0.09393867924528301 0.12822916666666667
1 0.07692216981132076 0.09960416666666667 0.08659198113207547 0.13214583333333332
1 0.395247641509434 0.0635 0.042936320754716976 0.12697916666666667
1 0.49320754716981136 0.1749375 0.062016509433962266 0.11375
1 0.6602358490566038 0.15558333333333335 0.07597877358490567 0.11674999999999999
1 0.6007193396226416 0.28800000000000003 0.06477594339622642 0.12558333333333332
1 0.7725235849056604 0.1888125 0.08491745283018869 0.08202083333333333
1 0.8415801886792452 0.3281458333333333 0.08152122641509434 0.1404375
1 0.7438915094339623 0.4451875 0.04787735849056604 0.13639583333333333
1 0.7017688679245283 0.6698125 0.1590566037735849 0.1749375