0 0.34587500000000004 0.18400943396226413 0.20308333333333334 0.09810141509433962
0 0.4754791666666666 0.14110849056603772 0.10120833333333333 0.14201650943396227
0 0.6687083333333333 0.06807783018867924 0.2654375 0.1361674528301887
0 0.9520208333333334 0.04057783018867924 0.09595833333333334 0.07854952830188679
0 0.8393958333333333 0.178125 0.16933333333333334 0.06274764150943396
0 0.651375 0.2514622641509434 0.13354166666666664 0.10722877358490567
0 0.5553333333333333 0.3899764150943396 0.12200000000000001 0.13661556603773584
0 0.336625 0.4112617924528302 0.11514583333333334 0.1516745283018868
0 0.7757708333333333 0.3379245283018868 0.1115 0.08360849056603774
0 0.9450833333333333 0.3732900943396227 0.10985416666666666 0.05214622641509434
0 0.7937083333333333 0.4813443396226415 0.084875 0.12674528301886792
0 0.6889583333333333 0.5173702830188679 0.2156875 0.08872641509433962
0 0.9065208333333333 0.542252358490566 0.109125 0.12277122641509434
0 0.9146458333333333 0.6408490566037737 0.15239583333333334 0.06918632075471698
0 0.7381458333333334 0.7079599056603774 0.18210416666666665 0.07682783018867925
0 0.938125 0.7289150943396226 0.12372916666666667 0.0872877358490566
0 0.5622708333333333 0.6696344339622642 0.14977083333333333 0.1298938679245283
0 0.36033333333333334 0.6762028301886792 0.23895833333333333 0.07226415094339622
0 0.15725 0.8680778301886792 0.15920833333333334 0.1415683962264151
0 0.4338125 0.9158962264150943 0.18454166666666666 0.11140330188679246
0 0.5356875 0.8585966981132076 0.15339583333333331 0.08721698113207546