1 0.16076650943396228 0.11458333333333333 0.07535377358490566 0.09583333333333334
1 0.4107193396226415 0.21041666666666667 0.04696933962264151 0.11666666666666667
1 0.25390330188679244 0.3854166666666667 0.07768867924528301 0.14583333333333334
1 0.4437264150943396 0.471875 0.07290094339622641 0.12291666666666666
1 0.3771108490566038 0.8479166666666667 0.09297169811320755 0.175
1 0.5551533018867925 0.9479166666666666 0.07875 0.10416666666666667
1 0.6765919811320755 0.8479166666666667 0.07871462264150944 0.16666666666666666
1 0.8988325471698113 0.771875 0.09160377358490567 0.11041666666666666
1 0.6860259433962265 0.5239583333333333 0.0692688679245283 0.13958333333333334
1 0.8469575471698113 0.40625 0.09161556603773585 0.15
1 0.5970047169811321 0.2604166666666667 0.08463443396226415 0.11666666666666667
1 0.7266981132075472 0.13125 0.053926886792452826 0.14583333333333334
1 0.9401061320754718 0.19166666666666668 0.07036556603773585 0.09166666666666666