0 0.712125 0.06569575471698114 0.14941666666666667 0.13140330188679247
0 0.5082916666666667 0.1650943396226415 0.12256249999999999 0.16172169811320752
0 0.5306041666666667 0.3647287735849057 0.12554166666666666 0.17015330188679245
0 0.24491666666666667 0.37398584905660376 0.14831249999999999 0.18867924528301888
0 0.7522708333333333 0.3647287735849057 0.20466666666666666 0.13308962264150942
0 0.8802083333333334 0.2906014150943396 0.18081250000000001 0.08254716981132075
0 0.9454999999999999 0.5441391509433963 0.109 0.13140330188679247
0 0.6451458333333334 0.5946816037735849 0.10947916666666666 0.15161556603773585
0 0.40262499999999996 0.7142806603773585 0.225625 0.07412735849056604
0 0.7299375 0.7681957547169811 0.2493125 0.06738207547169811
0 0.7760833333333333 0.8953891509433962 0.12133333333333333 0.16003537735849058