0 0.3599375 0.618691037735849 0.16764583333333333 0.15028301886792453
0 0.6347083333333334 0.7316863207547171 0.29431250000000003 0.10385613207547169
0 0.30564583333333334 0.17660377358490564 0.16866666666666666 0.2089504716981132
0 0.53675 0.41701650943396223 0.182875 0.15391509433962267
0 0.5569166666666666 0.14162735849056604 0.0964375 0.14857311320754715
0 0.6634583333333333 0.1869575471698113 0.072875 0.11004716981132075
0 0.7228958333333334 0.11045990566037736 0.056479166666666664 0.07187500000000001
0 0.7964583333333334 0.11023584905660377 0.09375 0.08100235849056603
0 0.6600833333333332 0.4887853773584906 0.07454166666666667 0.1204245283018868
0 0.717125 0.5924882075471698 0.12947916666666667 0.06945754716981131
0 0.8279791666666667 0.6801886792452829 0.12293749999999999 0.06783018867924528
0 0.8316874999999999 0.572311320754717 0.07966666666666668 0.07215801886792453
0 0.9559375 0.6153066037735849 0.08814583333333334 0.06725235849056604
0 0.7891666666666667 0.36076650943396227 0.23129166666666665 0.141875
0 0.7738541666666666 0.23641509433962263 0.057 0.08933962264150944
0 0.8943125 0.2119811320754717 0.1541875 0.12660377358490565
0 0.9290208333333333 0.12320754716981133 0.10527083333333334 0.07824292452830188
0 0.7566458333333334 0.026851415094339623 0.13241666666666668 0.05371462264150943
0 0.8759374999999999 0.04206367924528302 0.10897916666666667 0.08412735849056605
0 0.9698958333333334 0.03627358490566038 0.06022916666666667 0.07253537735849057
0 0.8431458333333333 0.46734669811320756 0.07722916666666667 0.09668632075471698
0 0.9656666666666667 0.4454127358490566 0.06866666666666667 0.06237028301886793
0 0.9403125 0.5007193396226415 0.11939583333333334 0.08208726415094339