0 0.23747916666666666 0.1752004716981132 0.09772916666666666 0.17182783018867925
0 0.46214583333333337 0.21142688679245283 0.09466666666666666 0.14319575471698115
0 0.46958333333333335 0.057275943396226416 0.09168749999999999 0.11455188679245283
0 0.6243125 0.24343160377358491 0.13925 0.1364504716981132
0 0.7225208333333334 0.19963443396226413 0.1273125 0.09265330188679244
0 0.834125 0.09602594339622643 0.20302083333333334 0.05390330188679245
0 0.8817083333333334 0.042110849056603776 0.11237499999999999 0.06402122641509433
0 0.9737708333333334 0.1642570754716981 0.052458333333333336 0.0589622641509434
0 0.9174166666666667 0.21478773584905658 0.07070833333333333 0.0690683962264151
0 0.8475 0.2518514150943396 0.07370833333333333 0.07581367924528302
0 0.8712916666666667 0.3259787735849057 0.204625 0.03537735849056604
0 0.7507916666666666 0.4194693396226415 0.08266666666666667 0.1179245283018868
0 0.5335833333333333 0.4236910377358491 0.08983333333333333 0.1364504716981132
0 0.35504166666666664 0.47253537735849055 0.2445 0.05222877358490566
0 0.9040208333333334 0.45063679245283017 0.11535416666666666 0.0589622641509434
0 0.7895 0.5239268867924528 0.20895833333333333 0.033691037735849055
0 0.5886041666666666 0.5601415094339622 0.22854166666666667 0.03875
0 0.7805625 0.6157311320754717 0.12564583333333335 0.04548349056603774
0 0.9544374999999999 0.5213915094339623 0.09114583333333333 0.03537735849056604
0 0.9648541666666667 0.602252358490566 0.0703125 0.04548349056603774
0 0.9412291666666667 0.6957547169811321 0.07664583333333333 0.06064858490566038
0 0.7641875 0.7606132075471698 0.14049999999999999 0.055589622641509434
0 0.5886250000000001 0.6999646226415095 0.09879166666666667 0.14319575471698115
0 0.17502083333333335 0.7471344339622642 0.21170833333333333 0.10613207547169812