1 0.17393867924528303 0.30493750000000003 0.08629716981132077 0.19889583333333333
1 0.24991745283018868 0.8709791666666666 0.13803066037735848 0.25804166666666667
1 0.4240801886792453 0.40170833333333333 0.11488207547169811 0.19452083333333334
1 0.782629716981132 0.5859375 0.13034198113207549 0.22964583333333335
1 0.744752358490566 0.91225 0.14892688679245283 0.1635
1 0.6092806603773584 0.3111666666666667 0.11971698113207546 0.18010416666666668
1 0.4390919811320755 0.12852083333333333 0.07415094339622642 0.14814583333333334
1 0.7698113207547169 0.095625 0.09880896226415095 0.17610416666666667
1 0.9058254716981132 0.304875 0.10550707547169812 0.1675
1 0.9075707547169811 0.4968333333333333 0.09129716981132076 0.15560416666666665
1 0.9633844339622643 0.07764583333333334 0.07321933962264152 0.1552916666666667