1 0.11234669811320755 0.6318541666666667 0.09871462264150943 0.17564583333333333
1 0.3333608490566038 0.91525 0.09264150943396227 0.1695
1 0.5505424528301887 0.7641249999999999 0.09067216981132076 0.138125
1 0.8406132075471698 0.7060208333333333 0.09299528301886792 0.115625
1 0.3875 0.6165625 0.05941037735849057 0.12425
1 0.5374528301886793 0.5517291666666666 0.07040094339622642 0.1404166666666667
1 0.7342099056603774 0.5496041666666667 0.08067216981132075 0.12572916666666667
1 0.7125471698113207 0.4438541666666667 0.06682783018867924 0.09131249999999999
1 0.7880424528301887 0.4094583333333333 0.04091981132075472 0.1475
1 0.6560495283018868 0.3723125 0.10121462264150943 0.146125
1 0.5821226415094339 0.2729375 0.04180424528301887 0.1557083333333333
1 0.5178891509433963 0.378 0.06665094339622642 0.11583333333333333
1 0.3926297169811321 0.41679166666666667 0.0991627358490566 0.15175
1 0.44713443396226416 0.2624375 0.09023584905660377 0.14514583333333334
1 0.29159198113207546 0.29904166666666665 0.09755896226415095 0.13502083333333334
1 0.13838443396226413 0.419875 0.08594339622641509 0.12666666666666665
1 0.1786320754716981 0.29177083333333337 0.06620283018867924 0.16214583333333332
1 0.3025 0.18075000000000002 0.0721816037735849 0.10675