1 0.4313679245283019 0.3854166666666667 0.07212264150943395 0.1
1 0.23446933962264152 0.5010416666666667 0.053183962264150945 0.13125
1 0.07647405660377357 0.5302083333333333 0.05784198113207547 0.16875
1 0.12010613207547169 0.24375 0.07908018867924528 0.14583333333333334
1 0.3553183962264151 0.175 0.06383254716981132 0.125
1 0.4968042452830189 0.21041666666666667 0.06625 0.08333333333333333
1 0.6624528301886793 0.2833333333333333 0.05805424528301886 0.1
1 0.5669575471698113 0.521875 0.06509433962264151 0.11458333333333333
1 0.2556839622641509 0.878125 0.08148584905660376 0.20625
1 0.8428301886792453 0.3375 0.0527122641509434 0.11666666666666667
1 0.8611084905660378 0.11666666666666667 0.06803066037735848 0.12083333333333333
1 0.6382665094339622 0.05416666666666667 0.07518867924528301 0.10833333333333334
1 0.41485849056603774 0.03229166666666667 0.048525943396226415 0.06458333333333334
1 0.7367216981132075 0.026041666666666668 0.05746462264150943 0.052083333333333336
1 0.8964740566037737 0.5885416666666666 0.10102594339622642 0.19375
1 0.7378891509433962 0.9354166666666667 0.13999999999999999 0.12916666666666668