1 0.1337382075471698 0.6712083333333333 0.12382075471698113 0.22308333333333333
1 0.25099056603773584 0.45825 0.12516509433962264 0.24539583333333334
1 0.45413915094339624 0.49677083333333333 0.16911556603773584 0.23772916666666666
1 0.7906721698113207 0.6352291666666667 0.14642688679245283 0.276125
1 0.9254834905660376 0.3564166666666667 0.14481132075471698 0.29141666666666666
1 0.624056603773585 0.305 0.10800707547169812 0.23027083333333334
1 0.14191037735849057 0.28 0.0753066037735849 0.274
1 0.40804245283018864 0.17149999999999999 0.10050707547169811 0.182
1 0.6681957547169811 0.0998125 0.10193396226415094 0.17404166666666668
1 0.8796580188679246 0.09247916666666667 0.06495283018867924 0.16979166666666667
1 0.2865448113207547 0.061875 0.09336084905660377 0.12377083333333333