1 0.2739504716981132 0.1125 0.04231132075471698 0.09166666666666666
1 0.3777004716981132 0.18020833333333333 0.07528301886792453 0.09375
1 0.4254599056603774 0.04375 0.04579009433962264 0.075
1 0.21971698113207547 0.25625 0.06590801886792452 0.07916666666666666
1 0.13600235849056602 0.47291666666666665 0.0659316037735849 0.09583333333333334
1 0.26392688679245285 0.878125 0.08829009433962265 0.13541666666666666
1 0.3953891509433963 0.525 0.0469811320754717 0.10833333333333334
1 0.44962264150943393 0.340625 0.07761792452830188 0.11875
1 0.5457193396226415 0.17395833333333333 0.07640330188679247 0.09791666666666667
1 0.7107900943396226 0.22708333333333333 0.04332547169811321 0.09166666666666666
1 0.6058490566037735 0.321875 0.055153301886792454 0.07708333333333334
1 0.5810849056603773 0.5354166666666667 0.05516509433962264 0.1
1 0.5244929245283019 0.7333333333333333 0.06461084905660378 0.12916666666666668
1 0.7449764150943397 0.3885416666666667 0.07633254716981133 0.11041666666666666
1 0.8098231132075472 0.4979166666666667 0.05508254716981132 0.07916666666666666
1 0.9076886792452831 0.4625 0.04561320754716981 0.12083333333333333
1 0.7997995283018868 0.6177083333333333 0.0774882075471698 0.14375
1 0.8976533018867925 0.8520833333333333 0.0939622641509434 0.125