0 0.6324791666666666 0.1876297169811321 0.251625 0.0885377358490566
0 0.45102083333333337 0.30613207547169813 0.23575 0.10877358490566037
0 0.7596041666666667 0.3377240566037736 0.18877083333333333 0.10424528301886793
0 0.9537708333333333 0.26663915094339624 0.09247916666666667 0.0704245283018868
0 0.9462916666666668 0.5019221698113208 0.1074375 0.11429245283018868
0 0.6753541666666667 0.47005896226415095 0.1459375 0.05393867924528302
0 0.42012499999999997 0.4638325471698113 0.197875 0.13633254716981133
0 0.3169375 0.5899646226415095 0.18895833333333334 0.06683962264150943
0 0.4575625 0.6209905660377358 0.22385416666666666 0.10181603773584906
0 0.756625 0.5597759433962264 0.08708333333333333 0.043726415094339624
0 0.9036875 0.603502358490566 0.18714583333333332 0.06007075471698113
0 0.6788541666666668 0.6994221698113208 0.1469375 0.10288915094339622
0 0.5592083333333334 0.7837853773584905 0.17089583333333333 0.07857311320754716
0 0.25264583333333335 0.7888679245283019 0.15010416666666665 0.05487028301886793
0 0.3244375 0.9628419811320755 0.07829166666666666 0.07431603773584906
0 0.6395 0.8588797169811321 0.12920833333333334 0.06621462264150943
0 0.8712708333333333 0.7652122641509433 0.10097916666666666 0.1023820754716981
0 0.7780833333333333 0.8989386792452829 0.13925 0.12599056603773584
0 0.8533333333333334 0.9756957547169811 0.1263125 0.028891509433962265
0 0.9280833333333334 0.8563443396226414 0.09497916666666667 0.05097877358490566