1 0.5980660377358491 0.7801041666666666 0.13856132075471697 0.2638125
1 0.8372641509433962 0.4969166666666667 0.17474056603773586 0.187
1 0.5392334905660378 0.4096666666666666 0.07397405660377358 0.24166666666666667
1 0.29735849056603775 0.6009375 0.15035377358490565 0.1555
1 0.10233490566037735 0.4938333333333333 0.12587264150943395 0.21208333333333332
1 0.06119103773584906 0.2606041666666667 0.1223938679245283 0.25604166666666667
1 0.3461320754716981 0.21645833333333334 0.10640330188679245 0.16774999999999998
1 0.6279009433962265 0.17835416666666667 0.10390330188679245 0.206125
1 0.8667452830188679 0.23127083333333334 0.11577830188679246 0.23904166666666665
1 0.2669811320754717 0.06660416666666666 0.08959905660377358 0.13322916666666668
1 0.47706367924528303 0.07827083333333333 0.09112028301886792 0.14141666666666666
1 0.8248466981132075 0.05714583333333333 0.06735849056603774 0.1143125