0 0.727 0.06569575471698114 0.14941666666666667 0.13140330188679247
0 0.9321041666666667 0.16257075471698115 0.13579166666666667 0.05222877358490566
0 0.5826666666666667 0.15330188679245282 0.09283333333333334 0.15498820754716983
0 0.3565 0.333561320754717 0.11554166666666667 0.17182783018867925
0 0.5886041666666666 0.3343985849056604 0.09164583333333334 0.14992924528301887
0 0.7597083333333334 0.33777122641509433 0.16004166666666667 0.12298349056603775
0 0.8638541666666666 0.2745990566037736 0.14808333333333332 0.07412735849056604
0 0.9144375 0.5011792452830188 0.0885625 0.11286556603773584
0 0.677875 0.5416155660377359 0.091625 0.1364504716981132
0 0.5023125 0.6367924528301887 0.23452083333333332 0.06064858490566038
0 0.7418958333333333 0.6864858490566037 0.2565625 0.048856132075471695
0 0.9484791666666667 0.6991273584905661 0.10304166666666667 0.050542452830188676
0 0.9216875000000001 0.623313679245283 0.15662500000000001 0.05390330188679245
0 0.7745833333333334 0.8052594339622642 0.10052083333333334 0.14488207547169812
0 0.9425208333333334 0.8490566037735849 0.11495833333333333 0.05390330188679245
0 0.3565 0.905495283018868 0.2048125 0.09265330188679244