1 0.23579009433962264 0.7501458333333333 0.13679245283018868 0.18083333333333332
1 0.11957547169811321 0.43029166666666663 0.0997877358490566 0.18995833333333334
1 0.424433962264151 0.5845208333333333 0.07607311320754717 0.11152083333333333
1 0.4993867924528302 0.37875000000000003 0.040672169811320755 0.11064583333333333
1 0.42274764150943395 0.25875 0.07944575471698113 0.07304166666666667
1 0.3391037735849057 0.32716666666666666 0.06713443396226415 0.09085416666666667
1 0.32787735849056604 0.1486458333333333 0.044681603773584905 0.11477083333333334
1 0.27340801886792454 0.050979166666666666 0.08399764150943397 0.06820833333333334
1 0.19258254716981132 0.2543125 0.06418632075471697 0.10843749999999999
1 0.050542452830188676 0.19827083333333334 0.06524764150943396 0.1193125
1 0.10275943396226415 0.11595833333333333 0.09558962264150944 0.08158333333333333
1 0.5673231132075471 0.10600000000000001 0.05524764150943397 0.10089583333333334
1 0.45840801886792454 0.050499999999999996 0.059787735849056604 0.0934375
1 0.6119693396226416 0.23745833333333335 0.04077830188679245 0.11835416666666668
1 0.7722405660377358 0.25377083333333333 0.07424528301886793 0.09883333333333333
1 0.8006014150943396 0.39266666666666666 0.06780660377358491 0.15910416666666669