1 0.10305424528301887 0.4124375 0.14498820754716982 0.19829166666666667
1 0.5490212264150943 0.5056458333333333 0.16429245283018867 0.23889583333333334
1 0.8721108490566037 0.6002916666666667 0.16491745283018866 0.21985416666666666
1 0.9530660377358491 0.25575000000000003 0.09385613207547171 0.18375
1 0.9174882075471698 0.075375 0.11702830188679245 0.1283125
1 0.6868632075471699 0.11737500000000001 0.07442216981132076 0.20193750000000002
1 0.497877358490566 0.13916666666666666 0.09148584905660377 0.12052083333333334
1 0.3280896226415095 0.2743333333333334 0.08799528301886793 0.2033333333333333
1 0.05404481132075471 0.16131250000000003 0.10005896226415094 0.1960625
1 0.3281367924528302 0.064875 0.10577830188679245 0.11777083333333334
1 0.4868867924528302 0.0365 0.08129716981132075 0.061000000000000006