0 0.1315625 0.32050707547169816 0.17320833333333333 0.10529481132075473
0 0.16025 0.6983372641509434 0.10697916666666667 0.16944575471698112
0 0.33972916666666664 0.3182900943396227 0.1314375 0.1296698113207547
0 0.28877083333333337 0.15175707547169812 0.21131250000000001 0.07649764150943397
0 0.49977083333333333 0.23804245283018868 0.12429166666666666 0.11324292452830188
0 0.6260833333333333 0.18607311320754716 0.07877083333333333 0.07515330188679245
0 0.7681666666666668 0.1771816037735849 0.05025 0.07797169811320755
0 0.933875 0.20153301886792455 0.119875 0.05668632075471698
0 0.6283541666666667 0.3319811320754717 0.10510416666666668 0.0623938679245283
0 0.9348541666666667 0.2756014150943396 0.07822916666666666 0.08545990566037735
0 0.7704166666666666 0.3576650943396227 0.07658333333333332 0.08082547169811322
0 0.9294166666666667 0.3739622641509434 0.089125 0.06814858490566038
0 0.5667083333333333 0.3987382075471698 0.1490625 0.055966981132075475
0 0.41212499999999996 0.4563207547169811 0.14533333333333334 0.10527122641509433
0 0.8197291666666667 0.4693514150943396 0.06610416666666667 0.10662735849056604
0 0.5566666666666666 0.4967570754716981 0.08539583333333334 0.0667688679245283
0 0.6635416666666667 0.4497405660377358 0.15370833333333334 0.026238207547169812
0 0.3718541666666667 0.5933608490566038 0.1156875 0.09533018867924528
0 0.4985625 0.5799292452830188 0.07822916666666666 0.0972759433962264
0 0.6516458333333334 0.5507311320754716 0.07172916666666666 0.0759316037735849
0 0.7906875 0.5683018867924529 0.14620833333333336 0.07814858490566037
0 0.8884166666666666 0.49410377358490565 0.06533333333333333 0.08204009433962263
0 0.9560208333333333 0.5153655660377359 0.06235416666666667 0.06693396226415094
0 0.9320625 0.5922405660377359 0.1235 0.06017688679245283
0 0.3753125 0.7638679245283019 0.18808333333333332 0.07824292452830188
0 0.21804166666666666 0.8930660377358491 0.12802083333333333 0.11025943396226415
0 0.4125 0.9266981132075472 0.153375 0.09109669811320754
0 0.6415624999999999 0.7947051886792452 0.1315625 0.04112028301886792
0 0.5161250000000001 0.7678183962264151 0.0915625 0.1272995283018868
0 0.5737083333333334 0.6751061320754717 0.17033333333333334 0.08595518867924529
0 0.7276666666666666 0.6802830188679245 0.07833333333333334 0.08806603773584906
0 0.8013750000000001 0.8215448113207546 0.182125 0.057216981132075476
0 0.9360208333333334 0.7682665094339622 0.10235416666666668 0.05411556603773585
0 0.8548125 0.6808726415094339 0.07085416666666666 0.07691037735849056
0 0.43493750000000003 0.0777122641509434 0.20547916666666666 0.06834905660377359