0 0.39518749999999997 0.09939858490566038 0.14529166666666665 0.0876061320754717
0 0.30739583333333337 0.18362028301886793 0.20185416666666667 0.07075471698113207
0 0.7180416666666667 0.19205188679245286 0.13029166666666667 0.10444575471698113
0 0.5469791666666667 0.3057665094339623 0.13447916666666665 0.08591981132075471
0 0.47554166666666664 0.40010613207547174 0.12145833333333332 0.12971698113207547
0 0.1363125 0.3116627358490566 0.115625 0.14488207547169812
0 0.7760625 0.3731485849056604 0.13325 0.05222877358490566
0 0.9144375 0.46411556603773585 0.09452083333333333 0.06233490566037736
0 0.9395416666666667 0.39167452830188676 0.12091666666666666 0.048856132075471695
0 0.31487499999999996 0.5323466981132076 0.08679166666666666 0.15161556603773585
0 0.066375 0.7707193396226416 0.11266666666666666 0.18025943396226415
0 0.31335416666666666 0.7159669811320755 0.09472916666666667 0.15836084905660378
0 0.41750000000000004 0.9156014150943396 0.09468750000000001 0.14319575471698115
0 0.5112291666666666 0.6856485849056603 0.18689583333333332 0.1078183962264151
0 0.6198541666666666 0.5938325471698113 0.154125 0.06233490566037736
0 0.8415416666666666 0.534870283018868 0.06775 0.06233490566037736
0 0.7671458333333334 0.6014150943396226 0.08564583333333334 0.06402122641509433
0 0.8876666666666666 0.6426886792452831 0.04691666666666667 0.09265330188679244
0 0.9573958333333333 0.5626650943396226 0.0851875 0.0876061320754717
0 0.7939166666666666 0.7100707547169811 0.21060416666666668 0.05222877358490566
0 0.9693124999999999 0.7378655660377359 0.061375 0.0876061320754717
0 0.8608750000000001 0.7926179245283018 0.11833333333333333 0.05222877358490566
0 0.6793750000000001 0.8153655660377358 0.09460416666666666 0.11455188679245283
0 0.9410416666666667 0.8431603773584906 0.1179375 0.03537735849056604
0 0.7998958333333334 0.8886438679245283 0.11077083333333333 0.09939858490566038
0 0.9516458333333334 0.9198113207547169 0.07366666666666667 0.04043632075471698
0 0.7135833333333333 0.9577122641509433 0.21658333333333332 0.06569575471698114