0 0.846 0.09517688679245283 0.13618750000000002 0.07244103773584906
0 0.5960833333333333 0.14909198113207547 0.25054166666666666 0.07244103773584906
0 0.26275 0.20805424528301888 0.2673333333333333 0.08928066037735849
0 0.6555625 0.2248938679245283 0.17197916666666666 0.055589622641509434
0 0.8296250000000001 0.2223702830188679 0.12727083333333333 0.06064858490566038
0 0.9544374999999999 0.26027122641509437 0.09114583333333333 0.06569575471698114
0 0.8311458333333334 0.335247641509434 0.11970833333333333 0.0876061320754717
0 0.8742916666666667 0.43379716981132077 0.08697916666666666 0.09265330188679244
0 0.8340833333333334 0.5062382075471699 0.207625 0.048856132075471695
0 0.6555833333333333 0.44305424528301884 0.15535416666666665 0.06738207547169811
0 0.5960416666666667 0.37398584905660376 0.23745833333333335 0.07075471698113207
0 0.057104166666666664 0.40515330188679244 0.11420833333333333 0.19036556603773586
0 0.35504166666666664 0.45148584905660377 0.1314375 0.1280306603773585
0 0.4874583333333333 0.5550825471698113 0.12256249999999999 0.13982311320754717
0 0.6079791666666666 0.628372641509434 0.10772916666666667 0.14488207547169812
0 0.8385625 0.5635141509433963 0.10345833333333333 0.055589622641509434
0 0.953125 0.5744575471698113 0.058791666666666666 0.0876061320754717
0 0.8861666666666667 0.6511084905660377 0.07964583333333333 0.055589622641509434
0 0.768625 0.6839622641509434 0.1243125 0.03706367924528302
0 0.9442083333333334 0.7243985849056603 0.072125 0.0774882075471698
0 0.8519583333333334 0.7707193396226416 0.1064375 0.08254716981132075
0 0.9588958333333333 0.8532665094339623 0.08220833333333334 0.09602594339622643
0 0.7418750000000001 0.8490566037735849 0.06016666666666667 0.07412735849056604
0 0.8400625 0.9560259433962265 0.08858333333333333 0.08591981132075471
0 0.6838125 0.9615919811320754 0.21064583333333334 0.07681603773584905
0 0.6094583333333333 0.8212617924528302 0.1583125 0.10613207547169812
0 0.49189583333333337 0.7404009433962264 0.10656249999999999 0.10950471698113208
0 0.3089166666666667 0.7934669811320755 0.1284375 0.1078183962264151
0 0.12145833333333332 0.7235495283018869 0.16408333333333333 0.12298349056603775