0 0.43089583333333337 0.07244103773584906 0.1393125 0.1179245283018868
0 0.33268749999999997 0.13982311320754717 0.1869583333333333 0.08086084905660376
0 0.785 0.15161556603773585 0.13325 0.10444575471698113
0 0.6005416666666666 0.2695400943396226 0.1345 0.0876061320754717
0 0.17350000000000002 0.26870283018867924 0.1066875 0.14319575471698115
0 0.5290833333333333 0.3638797169811321 0.13333333333333333 0.1280306603773585
0 0.8519583333333334 0.3343985849056604 0.14810416666666668 0.055589622641509434
0 0.34908333333333336 0.4961202830188679 0.10166666666666666 0.16340801886792453
0 0.08720833333333333 0.7243985849056603 0.11266666666666666 0.16846698113207548
0 0.3565 0.6772287735849056 0.09172916666666667 0.15836084905660378
0 0.46660416666666665 0.881061320754717 0.10360416666666666 0.14824292452830187
0 0.5618125 0.6494221698113208 0.186875 0.1162382075471698
0 0.6793541666666666 0.5609787735849057 0.1600625 0.06064858490566038
0 0.8445208333333334 0.5736202830188679 0.0915625 0.0690683962264151
0 0.9293333333333333 0.5045518867924529 0.07070833333333333 0.06569575471698114
0 0.9695 0.6191037735849056 0.0558125 0.10275943396226415
0 0.8623541666666666 0.683125 0.21058333333333332 0.04548349056603774
0 0.7507916666666666 0.7892570754716981 0.10647916666666667 0.1162382075471698
0 0.9380624999999999 0.7690330188679245 0.123875 0.055589622641509434
0 0.8772708333333333 0.8684316037735849 0.11674999999999999 0.09939858490566038
0 0.7760625 0.9299174528301888 0.21060416666666668 0.05390330188679245
0 0.7969375 0.9868632075471698 0.14647916666666666 0.026285377358490566