1 0.1152004716981132 0.41770833333333335 0.14570754716981132 0.21927083333333333
1 0.3944221698113208 0.806125 0.19117924528301888 0.319
1 0.5370047169811321 0.5044791666666667 0.09898584905660376 0.18445833333333334
1 0.5805070754716981 0.23712499999999997 0.07987028301886794 0.1705625
1 0.8819339622641509 0.19749999999999998 0.11667452830188679 0.2371875
1 0.8040330188679246 0.05558333333333333 0.12596698113207547 0.11114583333333333
1 0.6290683962264152 0.05714583333333333 0.06495283018867924 0.1143125
1 0.43359669811320756 0.11470833333333334 0.0985377358490566 0.17575
1 0.372311320754717 0.26747916666666666 0.11747641509433963 0.17920833333333333
1 0.14378537735849056 0.18379166666666666 0.08496462264150943 0.1889375
1 0.29070754716981134 0.05597916666666667 0.06628537735849056 0.11035416666666667