0 0.5454583333333333 0.16088443396226415 0.23747916666666666 0.09602594339622643
0 0.7686666666666666 0.06064858490566038 0.2268125 0.09771226415094339
0 0.8698333333333333 0.24847877358490567 0.17922916666666666 0.07581367924528302
0 0.46808333333333335 0.3251297169811321 0.178 0.14150943396226415
0 0.7448333333333333 0.3798820754716981 0.13622916666666668 0.055589622641509434
0 0.34162499999999996 0.4413797169811321 0.16910416666666667 0.06064858490566038
0 0.47854166666666664 0.5095990566037736 0.235625 0.08591981132075471
0 0.8236875 0.4877004716981132 0.0915625 0.042110849056603776
0 0.7076250000000001 0.623313679245283 0.151125 0.11119103773584907
0 0.8951041666666666 0.7302948113207547 0.08558333333333333 0.11286556603773584
0 0.5484375 0.6940683962264151 0.17795833333333333 0.08086084905660376
0 0.6332708333333333 0.7867216981132076 0.1345208333333333 0.07412735849056604
0 0.20920833333333333 0.6654363207547169 0.14831249999999999 0.06064858490566038
0 0.7746041666666666 0.8642216981132076 0.15539583333333334 0.13477594339622642
0 0.9397291666666666 0.847370283018868 0.1034375 0.057275943396226416
0 0.831125 0.9678183962264152 0.12429166666666666 0.042110849056603776
0 0.26427083333333334 0.8777004716981132 0.079875 0.1078183962264151
0 0.43241666666666667 0.9599056603773585 0.15527083333333333 0.08018867924528301