1 0.1164504716981132 0.3975208333333333 0.08334905660377359 0.19658333333333333
1 0.1872051886792453 0.5115000000000001 0.059764150943396224 0.16410416666666666
1 0.3229952830188679 0.6658541666666667 0.09549528301886794 0.17072916666666668
1 0.7324764150943396 0.6853125 0.09487028301886793 0.2200625
1 0.25992924528301886 0.37916666666666665 0.11087264150943396 0.17024999999999998
1 0.16679245283018868 0.316375 0.07200471698113207 0.16968750000000002
1 0.4358254716981132 0.39375 0.07352594339622642 0.14737499999999998
1 0.523561320754717 0.49006249999999996 0.08389150943396226 0.16287500000000002
1 0.6302240566037736 0.385875 0.08496462264150943 0.13160416666666666
1 0.7380542452830189 0.4544166666666667 0.0765566037735849 0.13325
1 0.8639740566037736 0.3378333333333333 0.07485849056603773 0.1709375
1 0.7602594339622643 0.28491666666666665 0.06790094339622642 0.13802083333333334
1 0.5943632075471698 0.2529166666666667 0.07807783018867924 0.09483333333333334
1 0.6760613207547169 0.27072916666666663 0.04689858490566038 0.10964583333333335
1 0.37628537735849055 0.25929166666666664 0.07825471698113208 0.13883333333333334
1 0.4906367924528302 0.21789583333333334 0.07110849056603773 0.108125
1 0.5077948113207548 0.31095833333333334 0.05824292452830189 0.0859375