0 0.4555416666666667 0.05456367924528302 0.1840625 0.050153301886792456
0 0.28039583333333334 0.13862028301886792 0.188875 0.05345518867924528
0 0.4951875 0.2230188679245283 0.12841666666666668 0.09358490566037736
0 0.6117708333333333 0.17245283018867927 0.09879166666666667 0.04471698113207547
0 0.7555625 0.16306603773584905 0.0525625 0.05008254716981132
0 0.9253958333333333 0.1905306603773585 0.12941666666666665 0.04069575471698113
0 0.7644375 0.2494811320754717 0.13422916666666668 0.03797169811320755
0 0.8461041666666667 0.25516509433962264 0.08447916666666666 0.08553066037735849
0 0.9431458333333332 0.26120283018867924 0.07970833333333333 0.0573938679245283
0 0.3277291666666667 0.2946816037735849 0.11310416666666666 0.09220518867924528
0 0.12477083333333333 0.3037264150943396 0.1404166666666667 0.08215801886792454
0 0.38395833333333335 0.45712264150943394 0.119 0.043207547169811324
0 0.44135416666666666 0.4212853773584906 0.07045833333333333 0.05595518867924529
0 0.5738958333333334 0.38076650943396223 0.13666666666666666 0.06737028301886792
0 0.6413541666666667 0.3204834905660377 0.08693749999999999 0.06740566037735848
0 0.7668125 0.3476061320754717 0.08214583333333333 0.06939858490566038
0 0.8709583333333334 0.3864622641509434 0.06316666666666666 0.04258254716981132
0 0.9283541666666667 0.3579952830188679 0.04302083333333333 0.04594339622641509
0 0.9889375 0.3911438679245283 0.022125 0.051957547169811324
0 0.8165208333333334 0.45745283018867927 0.06791666666666667 0.08808962264150944
0 0.8851666666666667 0.483938679245283 0.07885416666666667 0.055943396226415094
0 0.94375 0.511061320754717 0.06822916666666666 0.053950471698113206
0 0.5549791666666667 0.4896108490566038 0.07039583333333334 0.05591981132075472
0 0.639 0.5324764150943396 0.05379166666666667 0.04516509433962264
0 0.4969791666666667 0.5606132075471698 0.08227083333333333 0.07729952830188679
0 0.3673958333333333 0.5813679245283019 0.08587499999999999 0.0866745283018868
0 0.14666666666666667 0.6811674528301886 0.10608333333333334 0.11741745283018867
0 0.3732916666666667 0.7498349056603774 0.1545 0.05775943396226415
0 0.22839583333333333 0.8872759433962264 0.12025 0.11126179245283019
0 0.40702083333333333 0.9373938679245283 0.12964583333333332 0.0710495283018868
0 0.507625 0.8985377358490566 0.1035625 0.049634433962264156
0 0.507625 0.7562028301886793 0.1035625 0.09057783018867925
0 0.5851458333333334 0.6570636792452831 0.13785416666666667 0.06116745283018868
0 0.6567500000000001 0.6339504716981132 0.07510416666666667 0.08329009433962263
0 0.6738958333333334 0.44037735849056603 0.1023125 0.03384433962264151
0 0.7952083333333333 0.5659669811320754 0.15314583333333334 0.05587264150943397
0 0.9516458333333334 0.5713325471698113 0.09670833333333334 0.03443396226415094
0 0.9796666666666667 0.5988089622641509 0.04066666666666666 0.0392688679245283
0 0.9658541666666667 0.6587500000000001 0.06829166666666667 0.04442216981132076
0 0.8662291666666667 0.6764976415094339 0.08210416666666666 0.051780660377358484
0 0.7419583333333333 0.6771580188679246 0.0750625 0.08527122641509434
0 0.781 0.8258608490566038 0.11054166666666668 0.06910377358490566
0 0.6271875 0.7939268867924528 0.12608333333333335 0.047688679245283014
0 0.7484791666666666 0.7518514150943397 0.11785416666666666 0.06178066037735849