1 0.2916509433962264 0.8270833333333333 0.10862028301886792 0.17916666666666667
1 0.505625 0.6875 0.07169811320754717 0.14166666666666666
1 0.5168278301886792 0.48333333333333334 0.11295990566037736 0.17083333333333334
1 0.12244103773584905 0.6041666666666666 0.08363207547169811 0.12083333333333333
1 0.3105070754716981 0.3802083333333333 0.06146226415094339 0.14375
1 0.45669811320754716 0.23229166666666667 0.07053066037735849 0.11458333333333333
1 0.3659316037735849 0.13020833333333334 0.054410377358490566 0.10208333333333333
1 0.207936320754717 0.17604166666666668 0.07086084905660378 0.16458333333333333
1 0.5510259433962263 0.07916666666666666 0.03984669811320755 0.12916666666666668
1 0.6789504716981132 0.19583333333333333 0.07871462264150944 0.07916666666666666
1 0.8009787735849057 0.3541666666666667 0.09399764150943396 0.15416666666666667