0 0.22708333333333333 0.16257075471698115 0.18495833333333334 0.1667806603773585
0 0.7701250000000001 0.1642570754716981 0.09158333333333334 0.10275943396226415
0 0.6600208333333334 0.2745990566037736 0.2225625 0.09433962264150944
0 0.8281458333333334 0.3596698113207547 0.16595833333333332 0.055589622641509434
0 0.4547291666666667 0.3605070754716981 0.11064583333333333 0.11455188679245283
0 0.33270833333333333 0.4236910377358491 0.1453125 0.07581367924528302
0 0.6347291666666667 0.43463443396226414 0.11245833333333333 0.08423349056603774
0 0.7775833333333334 0.4978066037735849 0.11372916666666667 0.07244103773584906
0 0.5514375 0.5466627358490566 0.08389583333333334 0.10275943396226415
0 0.3520625 0.5837264150943396 0.09572916666666667 0.11961084905660378
0 0.37733333333333335 0.8002004716981133 0.19885416666666667 0.05390330188679245
0 0.5633333333333332 0.7976768867924527 0.14341666666666666 0.1162382075471698
0 0.743375 0.8178891509433963 0.17024999999999998 0.06569575471698114
0 0.9213541666666667 0.7580896226415095 0.15731250000000002 0.06738207547169811
0 0.8995833333333334 0.6730070754716981 0.131625 0.10275943396226415
0 0.788 0.6275235849056604 0.081 0.11286556603773584
0 0.6704375 0.6662735849056604 0.14816666666666667 0.07244103773584906
0 0.5558958333333333 0.9577122641509433 0.15829166666666666 0.07244103773584906
0 0.1839375 0.9599056603773585 0.14625000000000002 0.08018867924528301