0 0.6298333333333334 0.276438679245283 0.29754166666666665 0.11851415094339622
0 0.3764166666666667 0.4218278301886792 0.332375 0.11449292452830188
0 0.32608333333333334 0.6148702830188679 0.273375 0.17627358490566036
0 0.18810416666666668 0.8079245283018868 0.2578125 0.0847877358490566
0 0.37995833333333334 0.8319811320754716 0.3063958333333333 0.15058962264150944
0 0.6906041666666667 0.9272759433962264 0.2107291666666667 0.14070754716981132
0 0.931875 0.9667806603773585 0.10995833333333334 0.06642688679245283
0 0.8077708333333333 0.7371933962264151 0.10133333333333333 0.07304245283018868
0 0.9240208333333333 0.7922051886792453 0.15197916666666667 0.08872641509433962
0 0.7010208333333333 0.6202830188679245 0.1690625 0.051497641509433964
0 0.7817291666666667 0.4704599056603773 0.21589583333333331 0.1350943396226415