1 0.19564858490566037 0.6590416666666666 0.08844339622641509 0.28524999999999995
1 0.3884316037735849 0.9118541666666666 0.1674174528301887 0.17629166666666668
1 0.7069693396226415 0.734625 0.17358490566037735 0.16560416666666666
1 0.8540566037735849 0.44910416666666664 0.10810141509433963 0.21954166666666666
1 0.5372287735849056 0.3249791666666667 0.06995283018867925 0.15879166666666666
1 0.39620283018867924 0.2271041666666667 0.07682783018867925 0.14014583333333333
1 0.1986438679245283 0.3297083333333333 0.10033018867924529 0.16825
1 0.7872759433962264 0.21764583333333334 0.06298349056603773 0.12122916666666667
1 0.6228537735849056 0.157 0.07022405660377358 0.13533333333333333
1 0.4489150943396226 0.08735416666666666 0.06432783018867924 0.11064583333333333
1 0.30495283018867925 0.04139583333333333 0.07709905660377359 0.08277083333333332
1 0.035955188679245284 0.07922916666666667 0.07191037735849057 0.15843749999999998
1 0.7852712264150943 0.05558333333333333 0.08844339622641509 0.11114583333333333
1 0.020766509433962264 0.3370416666666667 0.041544811320754715 0.17252083333333335