0 0.6449166666666667 0.08870283018867925 0.27118749999999997 0.06752358490566038
0 0.767 0.14201650943396227 0.14095833333333332 0.06204009433962264
0 0.5772083333333333 0.2572051886792453 0.27106250000000004 0.054091981132075466
0 0.6270625 0.3085731132075472 0.168875 0.05351415094339623
0 0.7723958333333333 0.2651297169811321 0.11535416666666666 0.0626179245283019
0 0.8825416666666667 0.2869339622641509 0.1070625 0.05655660377358491
0 0.29510416666666667 0.3624056603773585 0.25435416666666666 0.0757193396226415
0 0.7933958333333333 0.38252358490566035 0.09920833333333333 0.09766509433962263
0 0.9509166666666666 0.3788443396226415 0.09308333333333334 0.07055424528301886
0 0.9791041666666668 0.41512971698113205 0.041791666666666664 0.05075471698113208
0 0.8367708333333332 0.4699882075471698 0.0758125 0.10199292452830189
0 0.943 0.49556603773584906 0.11402083333333332 0.03695754716981132
0 0.6294791666666666 0.4792806603773585 0.2577291666666667 0.052323113207547164
0 0.6579791666666667 0.5191981132075472 0.11595833333333333 0.06758254716981132
0 0.4226875 0.5768632075471698 0.09127083333333334 0.12639150943396227
0 0.16129166666666667 0.5973466981132075 0.11160416666666667 0.1778183962264151
0 0.8283958333333333 0.550377358490566 0.20149999999999998 0.05747641509433962
0 0.8216875 0.6020518867924528 0.0671875 0.05317216981132076
0 0.9172708333333334 0.5741745283018868 0.06022916666666667 0.08515330188679245
0 0.9743333333333334 0.5785731132075471 0.04302083333333333 0.07910377358490565
0 0.5424791666666666 0.6533844339622642 0.11437499999999999 0.11349056603773584
0 0.6563958333333333 0.6894929245283019 0.08758333333333333 0.1399882075471698
0 0.7877500000000001 0.7068749999999999 0.10404166666666666 0.03941037735849057
0 0.8779583333333334 0.656132075471698 0.06775 0.060459905660377365
0 0.9237291666666666 0.7108372641509434 0.05377083333333333 0.0692688679245283
0 0.9753333333333334 0.6895165094339623 0.04933333333333333 0.03189858490566038
0 0.8607083333333333 0.7711674528301887 0.08516666666666667 0.06504716981132075
0 0.5925625 0.8132193396226415 0.10466666666666667 0.10159198113207547
0 0.44152083333333336 0.8936792452830189 0.07727083333333334 0.09057783018867925
0 0.29075 0.8692924528301886 0.14410416666666667 0.09303066037735849
0 0.6819791666666667 0.8584787735849057 0.12366666666666666 0.10979952830188679
0 0.7874791666666667 0.8520754716981132 0.042124999999999996 0.06774764150943396
0 0.9583333333333334 0.8170518867924529 0.0833125 0.08643867924528302
0 0.8760625 0.9287617924528302 0.08679166666666666 0.06930424528301887
0 0.9571041666666668 0.9432429245283019 0.0839375 0.07448113207547169
0 0.7484375 0.9722051886792452 0.14175000000000001 0.055589622641509434