0 0.5575833333333333 0.0879245283018868 0.30464583333333334 0.08412735849056605
0 0.9485625 0.214563679245283 0.10287500000000001 0.04619103773584906
0 0.8006666666666666 0.2430896226415094 0.1010625 0.048832547169811315
0 0.6998541666666667 0.2446933962264151 0.11429166666666667 0.0584316037735849
0 0.5086041666666666 0.29347877358490565 0.30843750000000003 0.06319575471698113
0 0.959875 0.28281839622641514 0.08027083333333333 0.0546816037735849
0 0.8774375 0.3318632075471698 0.0680625 0.07597877358490567
0 0.9165625 0.3686792452830189 0.08549999999999999 0.06800707547169811
0 0.7177708333333332 0.36678066037735846 0.07095833333333333 0.10420990566037737
0 0.24577083333333333 0.43556603773584907 0.2576875 0.08817216981132076
0 0.7808958333333333 0.4379952830188679 0.051541666666666666 0.10218160377358491
0 0.9042916666666667 0.45077830188679247 0.16131250000000003 0.03218160377358491
0 0.97175 0.45558962264150943 0.0565 0.06699292452830188
0 0.5827708333333333 0.5069457547169811 0.2689375 0.04331367924528302
0 0.5984583333333333 0.5505188679245283 0.08791666666666667 0.048549528301886795
0 0.7891458333333333 0.5422287735849056 0.21060416666666668 0.04122641509433962
0 0.7575625 0.574433962264151 0.06397916666666667 0.03970518867924529
0 0.9125 0.5292334905660377 0.058020833333333334 0.07902122641509435
0 0.9441041666666667 0.6349528301886793 0.11181250000000001 0.03525943396226415
0 0.8707708333333334 0.6639033018867925 0.0316875 0.0769693396226415
0 0.8300833333333333 0.6163443396226415 0.049708333333333334 0.06183962264150943
0 0.6399166666666667 0.6945872641509434 0.09206249999999999 0.1332547169811321
0 0.14975 0.7013679245283019 0.13556249999999997 0.18935141509433961
0 0.40358333333333335 0.6313915094339622 0.057708333333333334 0.1521933962264151
0 0.5256458333333334 0.6706721698113208 0.12027083333333333 0.08897405660377358
0 0.7580833333333333 0.6821933962264151 0.09356249999999999 0.0517688679245283
0 0.8287916666666667 0.729304245283019 0.09375 0.057818396226415096
0 0.9174583333333334 0.7521698113207548 0.05854166666666667 0.09246462264150943
0 0.9730624999999999 0.7161556603773584 0.05389583333333334 0.038160377358490566
0 0.5906041666666667 0.8234198113207547 0.10929166666666666 0.09318396226415093
0 0.6798333333333333 0.8408726415094339 0.10047916666666666 0.11293632075471698
0 0.771375 0.8179599056603774 0.04816666666666667 0.06630896226415094
0 0.8504166666666666 0.8643160377358491 0.07162500000000001 0.052700471698113205
0 0.9190416666666666 0.8659316037735848 0.06354166666666666 0.07543632075471698
0 0.4695625 0.9208608490566037 0.07385416666666668 0.0966627358490566
0 0.3375625 0.9379834905660377 0.14175000000000001 0.07420990566037736
0 0.7810208333333333 0.9412382075471698 0.20208333333333334 0.05944575471698113
0 0.8718333333333333 0.9739268867924528 0.0796875 0.052158018867924524