0 0.36781250000000004 0.11547169811320755 0.2825625 0.09573113207547171
0 0.12575 0.3237264150943396 0.2515 0.16318396226415094
0 0.6608125 0.21961084905660377 0.13525 0.0634433962264151
0 0.8975833333333333 0.1579127358490566 0.067125 0.10512971698113208
0 0.4983333333333333 0.3492806603773585 0.19364583333333335 0.11522405660377358
0 0.7420416666666667 0.4192334905660377 0.10606249999999999 0.08531839622641509
0 0.9174166666666667 0.303313679245283 0.16514583333333333 0.04688679245283019
0 0.9361666666666667 0.4125471698113207 0.12764583333333335 0.12383254716981133
0 0.6601041666666667 0.5261202830188679 0.2421875 0.06325471698113208
0 0.8191458333333334 0.5681603773584906 0.14808333333333332 0.08601415094339622
0 0.29075 0.5206014150943397 0.13679166666666667 0.16542452830188678
0 0.5039166666666667 0.6365330188679245 0.08810416666666666 0.10955188679245284
0 0.4233541666666667 0.7194575471698114 0.21033333333333332 0.08199292452830188
0 0.46364583333333337 0.8220165094339623 0.09089583333333334 0.09371462264150943
0 0.519875 0.9724882075471698 0.19502083333333334 0.05503537735849057
0 0.2074375 0.9559787735849056 0.08685416666666666 0.08805424528301888
0 0.6733125 0.6538325471698114 0.0769375 0.08753537735849057
0 0.8038541666666668 0.6781957547169811 0.07131249999999999 0.07022405660377358
0 0.8468958333333333 0.7791863207547169 0.07408333333333333 0.09767688679245283
0 0.6233125 0.7544339622641509 0.1269375 0.08119103773584906
0 0.7525 0.8409080188679245 0.16472916666666665 0.07604952830188678
0 0.6885833333333333 0.9418278301886792 0.10747916666666667 0.1163561320754717
0 0.8461875 0.9293042452830188 0.14766666666666667 0.0677122641509434
0 0.9413125 0.7937264150943397 0.07960416666666667 0.10317216981132075
0 0.9641875 0.8546580188679245 0.07162500000000001 0.07213443396226416