1 0.22908018867924526 0.048604166666666664 0.09226415094339623 0.09722916666666667
1 0.1748938679245283 0.16158333333333333 0.06248820754716981 0.16889583333333333
1 0.02305424528301887 0.39018749999999996 0.04609669811320755 0.18191666666666664
1 0.03820754716981132 0.042666666666666665 0.07642688679245284 0.0853125
1 0.19959905660377358 0.34258333333333335 0.10741745283018868 0.12239583333333333
1 0.13642688679245282 0.5646875 0.07956367924528301 0.20277083333333332
1 0.47018867924528307 0.40452083333333333 0.06988207547169811 0.13841666666666666
1 0.5187617924528303 0.22352083333333334 0.06257075471698113 0.13952083333333334
1 0.4539150943396227 0.10104166666666667 0.07774764150943397 0.10289583333333334
1 0.6644457547169812 0.5522916666666667 0.1012382075471698 0.17204166666666668
1 0.5426061320754717 0.809125 0.1338561320754717 0.29287500000000005