1 0.15347877358490566 0.6820208333333333 0.08075471698113208 0.15097916666666666
1 0.2999882075471698 0.930875 0.13793632075471698 0.13825
1 0.4379716981132075 0.48895833333333333 0.10139150943396227 0.13985416666666667
1 0.5416037735849056 0.6672916666666667 0.0728066037735849 0.11110416666666666
1 0.7630306603773584 0.6747708333333333 0.10880896226415093 0.178125
1 0.6489386792452829 0.47579166666666667 0.10470518867924529 0.10310416666666668
1 0.8114858490566037 0.354 0.058337264150943396 0.15118749999999997
1 0.9383490566037737 0.40629166666666666 0.07620283018867925 0.14120833333333332
1 0.7297523584905661 0.28958333333333336 0.07173349056603773 0.11608333333333333
1 0.7617334905660378 0.19020833333333334 0.06495283018867924 0.12566666666666668
1 0.5134198113207548 0.3372083333333334 0.057712264150943396 0.12802083333333333
1 0.26523584905660375 0.4078125 0.10380896226415094 0.11295833333333333
1 0.17893867924528303 0.3026041666666667 0.07272405660377358 0.09004166666666666
1 0.10662735849056604 0.4545625 0.06370283018867925 0.19604166666666664
1 0.3890566037735849 0.27395833333333336 0.09201650943396227 0.14733333333333334
1 0.5341391509433963 0.18191666666666664 0.05199292452830189 0.16116666666666665
1 0.6447405660377359 0.285875 0.08451650943396227 0.09827083333333334