1 0.0436438679245283 0.50525 0.08514150943396227 0.2901458333333334
1 0.29391509433962265 0.6383333333333333 0.167063679245283 0.15008333333333335
1 0.4892924528301887 0.5096875 0.0979127358490566 0.17404166666666668
1 0.6893278301886792 0.48775 0.10880896226415093 0.19268749999999998
1 0.7327830188679245 0.2842083333333333 0.07191037735849057 0.17099999999999999
1 0.6341981132075472 0.18860416666666666 0.10470518867924529 0.22977083333333334
1 0.4797877358490566 0.282625 0.08477594339622642 0.16783333333333333
1 0.2664858490566038 0.20477083333333335 0.1004127358490566 0.21004166666666665
1 0.46375 0.11725000000000001 0.07040094339622642 0.13916666666666666
1 0.34935141509433965 0.1030625 0.059764150943396224 0.11079166666666666
1 0.06722877358490566 0.06345833333333334 0.13445754716981131 0.12691666666666668