0 0.34162499999999996 0.27375 0.10960416666666667 0.17688679245283018
0 0.5499375000000001 0.2830188679245283 0.08570833333333333 0.15161556603773585
0 0.5499375000000001 0.10613207547169812 0.07977083333333333 0.14824292452830187
0 0.709125 0.294811320754717 0.14814583333333334 0.1179245283018868
0 0.8028541666666666 0.24005896226415094 0.13322916666666668 0.08254716981132075
0 0.9023541666666667 0.12971698113207547 0.1953125 0.050542452830188676
0 0.9322916666666666 0.2830188679245283 0.08260416666666666 0.0774882075471698
0 0.9231874999999999 0.3605070754716981 0.15364583333333334 0.033691037735849055
0 0.7046875 0.04633254716981132 0.11072916666666667 0.09265330188679244
0 0.9440208333333333 0.0589622641509434 0.11197916666666667 0.06402122641509433
0 0.8415416666666666 0.4573820754716981 0.0915625 0.10950471698113208
0 0.9678125000000001 0.4759080188679245 0.06435416666666667 0.055589622641509434
0 0.6332708333333333 0.48601415094339623 0.08689583333333334 0.13982311320754717
0 0.4799791666666666 0.5677240566037736 0.24345833333333333 0.04716981132075472
0 0.8861666666666667 0.5694103773584905 0.22247916666666667 0.033691037735849055
0 0.7016666666666667 0.6258372641509434 0.2344375 0.04548349056603774
0 0.8847083333333334 0.6544811320754716 0.101875 0.042110849056603776
0 0.7061458333333334 0.7462971698113208 0.08864583333333333 0.1381367924528302
0 0.8802291666666666 0.7951533018867925 0.12725 0.057275943396226416
0 0.32525 0.8322051886792453 0.20779166666666665 0.09096698113207548