0 0.34460416666666666 0.04464622641509434 0.16910416666666667 0.05222877358490566
0 0.15712500000000001 0.12634433962264152 0.20489583333333333 0.07075471698113207
0 0.38329166666666664 0.20889150943396226 0.13933333333333334 0.09771226415094339
0 0.5171875 0.15919811320754718 0.08572916666666666 0.03875
0 0.6659791666666667 0.1558254716981132 0.05591666666666666 0.048856132075471695
0 0.846 0.18530660377358488 0.13618750000000002 0.04043632075471698
0 0.20475000000000002 0.2990212264150943 0.11560416666666667 0.10950471698113208
0 0.27466666666666667 0.4674882075471698 0.11260416666666666 0.0286438679245283
0 0.33866666666666667 0.4295872641509434 0.050083333333333334 0.06064858490566038
0 0.47404166666666664 0.38325471698113206 0.1482291666666667 0.0690683962264151
0 0.5425 0.31839622641509435 0.0589375 0.06402122641509433
0 0.6957291666666666 0.2535377358490566 0.13922916666666665 0.03875
0 0.8698125 0.2527004716981132 0.08262499999999999 0.057275943396226416
0 0.9576041666666666 0.27712264150943394 0.0558125 0.07244103773584906
0 0.9427083333333334 0.38746462264150944 0.09152083333333333 0.057275943396226416
0 0.8489791666666666 0.35798349056603773 0.04097916666666667 0.055589622641509434
0 0.6838333333333334 0.346191037735849 0.10352083333333333 0.06569575471698114
0 0.7879791666666667 0.3908372641509434 0.055875 0.06064858490566038
0 0.740375 0.4624292452830189 0.05589583333333333 0.09265330188679244
0 0.8147708333333333 0.48517688679245285 0.09291666666666668 0.06402122641509433
0 0.8847083333333334 0.513808962264151 0.06020833333333333 0.06738207547169811
0 0.9752708333333333 0.4969693396226415 0.049479166666666664 0.07075471698113207
0 0.87725 0.5795165094339623 0.12131249999999999 0.033691037735849055
0 0.587125 0.4481132075471698 0.11247916666666667 0.030318396226415096
0 0.46214583333333337 0.4927594339622642 0.07681249999999999 0.06233490566037736
0 0.5618333333333333 0.5449764150943396 0.06902083333333334 0.055589622641509434
0 0.40710416666666666 0.5769929245283019 0.06791666666666667 0.08591981132075471
0 0.27020833333333333 0.5955188679245284 0.06202083333333333 0.09265330188679244
0 0.28508333333333336 0.7732429245283019 0.15127083333333333 0.04716981132075472
0 0.422 0.7825117924528302 0.11658333333333333 0.09939858490566038
0 0.128875 0.9307665094339622 0.11860416666666666 0.09939858490566038
0 0.5573541666666666 0.8153655660377358 0.13035416666666666 0.057275943396226416
0 0.6868333333333333 0.7665094339622641 0.11666666666666667 0.050542452830188676
0 0.6615208333333332 0.6915448113207546 0.10179166666666667 0.08928066037735849
0 0.5841666666666666 0.6468985849056604 0.05414583333333333 0.09096698113207548
0 0.49635416666666665 0.6645872641509435 0.1214375 0.04548349056603774
0 0.8028541666666666 0.6856485849056603 0.09752083333333333 0.06064858490566038
0 0.7076250000000001 0.5660377358490566 0.13327083333333334 0.033691037735849055
0 0.9291250000000001 0.6713325471698113 0.14175000000000001 0.03537735849056604
0 0.9752708333333333 0.7319693396226415 0.049479166666666664 0.06233490566037736
0 0.9084791666666666 0.771568396226415 0.13022916666666667 0.04379716981132076
0 0.7210208333333333 0.8347405660377358 0.10647916666666667 0.0690683962264151
0 0.41752083333333334 0.9349764150943396 0.13145833333333334 0.06064858490566038