0 0.31356249999999997 0.29312499999999997 0.1246875 0.14639150943396226
0 0.6756041666666667 0.31813679245283016 0.24360416666666668 0.05941037735849057
0 0.7891875 0.27737028301886796 0.1163125 0.0529127358490566
0 0.8081458333333333 0.3965448113207547 0.11102083333333333 0.05800707547169811
0 0.9217291666666667 0.3791509433962264 0.0969375 0.042794811320754716
0 0.8352708333333333 0.5028419811320755 0.08172916666666666 0.10747641509433963
0 0.8852291666666667 0.5625235849056603 0.07195833333333333 0.10101415094339622
0 0.6201458333333334 0.4970047169811321 0.2393125 0.03871462264150943
0 0.7154791666666667 0.4559669811320755 0.08129166666666668 0.034941037735849056
0 0.9692500000000001 0.4538089622641509 0.0615 0.06071933962264151
0 0.9670833333333333 0.5649528301886793 0.0658125 0.03432783018867924
0 0.9742916666666667 0.6331957547169812 0.051416666666666666 0.07621462264150942
0 0.3925416666666666 0.6251768867924528 0.21635416666666665 0.09443396226415095
0 0.6900208333333333 0.6640448113207548 0.22056250000000002 0.053643867924528306
0 0.8869166666666667 0.6690919811320755 0.18670833333333334 0.06077830188679245
0 0.9426041666666667 0.7189622641509433 0.058041666666666665 0.06379716981132076
0 0.9836666666666667 0.7526533018867925 0.0326875 0.07142688679245283
0 0.518125 0.7689740566037736 0.06697916666666666 0.12430424528301887
0 0.6376875 0.7950707547169812 0.11014583333333333 0.07211084905660377
0 0.7342291666666667 0.8067452830188679 0.08293750000000001 0.11504716981132075
0 0.31525 0.8472405660377359 0.11939583333333334 0.1438325471698113
0 0.8604791666666666 0.781757075471698 0.09468750000000001 0.052016509433962264
0 0.9335 0.8184551886792453 0.09358333333333334 0.044221698113207544
0 0.6929166666666667 0.9267806603773584 0.09379166666666668 0.09248820754716983
0 0.7786458333333334 0.9345165094339623 0.09304166666666666 0.11286556603773584
0 0.8770625 0.9051768867924529 0.050020833333333334 0.057441037735849056
0 0.9613333333333334 0.9454009433962265 0.07735416666666667 0.043290094339622644