1 0.1399056603773585 0.491 0.10076650943396227 0.13574999999999998
1 0.482688679245283 0.6758541666666668 0.09058962264150942 0.21377083333333333
1 0.7831250000000001 0.4120625 0.09004716981132076 0.15491666666666667
1 0.5807783018867925 0.4691458333333333 0.09808962264150944 0.18577083333333333
1 0.4420872641509434 0.4753125 0.08602594339622642 0.13560416666666666
1 0.3090566037735849 0.37435416666666665 0.09121462264150942 0.14202083333333335
1 0.6174528301886792 0.232625 0.07120283018867925 0.16064583333333332
1 0.7772759433962264 0.17552083333333332 0.11962264150943396 0.12979166666666667
1 0.25545990566037735 0.10287500000000001 0.10193396226415094 0.16158333333333333
1 0.5576415094339623 0.04675 0.08719339622641509 0.09097916666666667
1 0.40147405660377355 0.18554166666666666 0.08147405660377359 0.16022916666666667