0 0.9306249999999999 0.11876179245283018 0.13877083333333334 0.0690683962264151
0 0.5975625 0.1179245283018868 0.1345 0.14824292452830187
0 0.4561875 0.18194575471698113 0.178 0.07075471698113207
0 0.8073125 0.2223702830188679 0.11835416666666668 0.06738207547169811
0 0.5514375 0.291438679245283 0.2326875 0.06064858490566038
0 0.8549375 0.3327122641509434 0.09454166666666668 0.042110849056603776
0 0.2791666666666667 0.3908372641509434 0.13441666666666666 0.07412735849056604
0 0.5841458333333333 0.4573820754716981 0.18389583333333331 0.055589622641509434
0 0.7269791666666666 0.4396933962264151 0.1124375 0.12465801886792452
0 0.862375 0.5753066037735849 0.07370833333333333 0.10275943396226415
0 0.9797291666666667 0.625 0.04054166666666667 0.07412735849056604
0 0.8802291666666666 0.6982783018867924 0.09154166666666666 0.06569575471698114
0 0.9529375000000001 0.7580896226415095 0.094125 0.04716981132075472
0 0.7314583333333334 0.6856485849056603 0.17024999999999998 0.1179245283018868
0 0.6168958333333333 0.591308962264151 0.13152083333333334 0.05390330188679245
0 0.26427083333333334 0.6005778301886793 0.07485416666666667 0.11286556603773584
0 0.3684375 0.7454481132075471 0.20583333333333334 0.11961084905660378
0 0.50825 0.9097051886792452 0.18689583333333332 0.09433962264150944
0 0.15714583333333335 0.943054245283019 0.115625 0.11387971698113207
0 0.75375 0.7993632075471698 0.118375 0.06233490566037736
0 0.9410416666666667 0.8566391509433962 0.1179375 0.048856132075471695
0 0.81625 0.9147523584905661 0.17191666666666666 0.09771226415094339