1 0.03619103773584906 0.66875 0.07238207547169812 0.2
1 0.07174528301886793 0.290625 0.1025117924528302 0.15208333333333332
1 0.23386792452830188 0.22083333333333333 0.07061320754716982 0.09166666666666666
1 0.27100235849056603 0.33229166666666665 0.07649764150943397 0.10625
1 0.3953891509433963 0.16770833333333332 0.03518867924528302 0.07708333333333334
1 0.3906721698113208 0.24166666666666667 0.05641509433962265 0.075
1 0.39185141509433963 0.40729166666666666 0.05641509433962265 0.15625
1 0.5209551886792453 0.20625 0.07404481132075472 0.06666666666666667
1 0.5256721698113207 0.31354166666666666 0.06461084905660378 0.08958333333333333
1 0.6589033018867925 0.3854166666666667 0.08343160377358491 0.1375
1 0.6270636792452831 0.6510416666666666 0.14003537735849056 0.18125
1 0.6205896226415094 0.19895833333333332 0.049257075471698115 0.06875
1 0.6459433962264151 0.14375 0.04099056603773585 0.0875
1 0.7037146226415094 0.209375 0.040966981132075475 0.13958333333333334
1 0.8516745283018868 0.24583333333333332 0.07038915094339622 0.08333333333333333