1 0.0816509433962264 0.7587916666666668 0.149375 0.32535416666666667
1 0.7768278301886793 0.8813958333333333 0.17768867924528303 0.23720833333333333
1 0.47264150943396227 0.43672916666666667 0.09996462264150943 0.18122916666666666
1 0.7918396226415094 0.46875 0.13695754716981132 0.22441666666666665
1 0.6338443396226415 0.3241875 0.10988207547169812 0.15406250000000002
1 0.365436320754717 0.2876666666666667 0.12140330188679245 0.19560416666666666
1 0.13816037735849057 0.22795833333333335 0.11497641509433962 0.16995833333333332
1 0.4859433962264151 0.18916666666666665 0.09121462264150942 0.13402083333333334
1 0.6358962264150944 0.16141666666666668 0.10220518867924529 0.12018749999999999
1 0.7327004716981133 0.1331875 0.06583726415094339 0.12620833333333334
1 0.8550825471698114 0.207 0.07477594339622641 0.14883333333333332
1 0.3112028301886792 0.09816666666666667 0.11908018867924529 0.13949999999999999
1 0.05087264150943396 0.11852083333333334 0.04654481132075471 0.11770833333333333