1 0.37390330188679244 0.7000624999999999 0.08284198113207547 0.14616666666666667
1 0.16 0.8458333333333333 0.13345518867924527 0.21152083333333332
1 0.1103183962264151 0.44616666666666666 0.09810141509433962 0.18597916666666667
1 0.8162264150943396 0.5609583333333333 0.08172169811320755 0.18460416666666665
1 0.8135259433962264 0.4083125 0.06983490566037735 0.10835416666666667
1 0.6444575471698113 0.35391666666666666 0.03641509433962264 0.10266666666666667
1 0.6185259433962264 0.22127083333333333 0.0429127358490566 0.10083333333333333
1 0.514811320754717 0.1373125 0.06240566037735849 0.10470833333333333
1 0.502122641509434 0.49656249999999996 0.06994103773584906 0.1646041666666667
1 0.44242924528301886 0.35964583333333333 0.0732311320754717 0.09120833333333334
1 0.3406132075471698 0.42075 0.07527122641509434 0.13020833333333334
1 0.3557429245283019 0.2318125 0.05799528301886792 0.13008333333333333
1 0.20205188679245284 0.3018958333333333 0.04632075471698113 0.11891666666666666
1 0.09482311320754716 0.22127083333333333 0.04259433962264151 0.12375
1 0.15910377358490566 0.15972916666666667 0.0933372641509434 0.0865625
1 0.32466981132075473 0.1163125 0.0776061320754717 0.0741875