0 0.34310416666666665 0.05643867924528302 0.1423333333333333 0.11286556603773584
0 0.09133333333333334 0.1659316037735849 0.18266666666666667 0.07581367924528302
0 0.31487499999999996 0.26449292452830186 0.11654166666666667 0.16172169811320752
0 0.2940625 0.38662735849056606 0.2653125 0.055589622641509434
0 0.2419375 0.5988915094339623 0.13641666666666669 0.17015330188679245
0 0.42939583333333337 0.7521933962264151 0.1720625 0.08254716981132075
0 0.6912708333333334 0.7454481132075471 0.10054166666666667 0.06233490566037736
0 0.7879791666666667 0.8322051886792453 0.09754166666666667 0.08423349056603774
0 0.7641666666666667 0.9088561320754718 0.21062499999999998 0.07917452830188679
0 0.8608958333333334 0.7404009433962264 0.06614583333333333 0.10275943396226415
0 0.7612083333333334 0.6561674528301886 0.081 0.06569575471698114
0 0.9055208333333333 0.6275235849056604 0.1183125 0.032004716981132074
0 0.5231458333333333 0.584563679245283 0.1214375 0.09096698113207548
0 0.6377291666666667 0.5188679245283019 0.16129166666666667 0.057275943396226416
0 0.5633125 0.45484669811320755 0.23747916666666666 0.04379716981132076
0 0.5767291666666666 0.36640330188679243 0.09283333333333334 0.13308962264150942
0 0.7388750000000001 0.4590683962264151 0.118375 0.08254716981132075
0 0.8638541666666666 0.5028655660377359 0.058812500000000004 0.10275943396226415
0 0.7939166666666666 0.5609787735849057 0.12729166666666666 0.050542452830188676
0 0.9322916666666666 0.42284198113207544 0.07070833333333333 0.050542452830188676
0 0.9338125 0.33608490566037735 0.10485416666666666 0.05222877358490566
0 0.831125 0.35714622641509436 0.08264583333333334 0.0774882075471698
0 0.9233750000000001 0.2358490566037736 0.058791666666666666 0.08423349056603774
0 0.8475 0.24343160377358491 0.0453125 0.06569575471698114
0 0.7552291666666666 0.29818396226415095 0.22252083333333333 0.04043632075471698
0 0.7537708333333334 0.24680424528301886 0.05291666666666666 0.06233490566037736
0 0.6451666666666667 0.14992924528301887 0.11666666666666667 0.1179245283018868
0 0.5142083333333333 0.14403301886792452 0.11547916666666666 0.14992924528301887
0 0.788 0.07665094339622641 0.19408333333333333 0.055589622641509434
0 0.8058333333333334 0.1474056603773585 0.10943750000000001 0.07244103773584906