0 0.12489583333333334 0.08829009433962265 0.15416666666666667 0.16281839622641509
0 0.5375833333333334 0.1646698113207547 0.19304166666666667 0.1416391509433962
0 0.6291666666666667 0.06963443396226415 0.13939583333333333 0.09602594339622643
0 0.9392708333333334 0.1509316037735849 0.1214375 0.07288915094339624
0 0.8444166666666667 0.25015330188679247 0.1985 0.06496462264150944
0 0.351 0.3022051886792453 0.09070833333333334 0.16317216981132077
0 0.7506458333333333 0.3915094339622642 0.218125 0.07939858490566037
0 0.6165416666666667 0.4742688679245283 0.226 0.1358254716981132
0 0.3800625 0.488997641509434 0.11239583333333333 0.17119103773584904
0 0.07860416666666666 0.5231367924528302 0.1572083333333333 0.17166273584905659
0 0.8547916666666667 0.6282547169811321 0.1139375 0.12247641509433962
0 0.5197916666666667 0.7043867924528302 0.1314375 0.15681603773584904
0 0.895 0.7752712264150943 0.2099791666666667 0.056839622641509435
0 0.9268333333333333 0.8582900943396227 0.10175000000000001 0.05777122641509434
0 0.5757708333333333 0.8754716981132076 0.17566666666666667 0.07445754716981132
0 0.7003333333333334 0.9596580188679245 0.1046875 0.08068396226415095
0 0.22127083333333333 0.8295400943396227 0.15310416666666665 0.09167452830188678