1 0.04857311320754717 0.49375 0.09714622641509434 0.18333333333333332
1 0.15545990566037737 0.08229166666666667 0.0694693396226415 0.11458333333333333
1 0.32051886792452833 0.25104166666666666 0.08590801886792453 0.13958333333333334
1 0.40423349056603775 0.06041666666666667 0.052865566037735845 0.1125
1 0.5675353773584906 0.042708333333333334 0.06341981132075472 0.08541666666666667
1 0.7939033018867925 0.05520833333333333 0.07512971698113208 0.11041666666666666
1 0.9017806603773585 0.27708333333333335 0.08099056603773586 0.125
1 0.6984080188679245 0.18958333333333333 0.06808962264150943 0.12083333333333333
1 0.5050471698113207 0.23958333333333334 0.05636792452830188 0.1125
1 0.5516155660377359 0.525 0.09290094339622641 0.1375
1 0.4390212264150944 0.7708333333333334 0.07054245283018867 0.15
1 0.7054716981132075 0.5385416666666667 0.0657311320754717 0.11875
1 0.7620754716981132 0.4166666666666667 0.060990566037735845 0.1375
1 0.8304481132075472 0.684375 0.0821933962264151 0.13541666666666666