0 0.29362499999999997 0.4192570754716981 0.14452083333333335 0.18095518867924526
0 0.3059375 0.16359669811320754 0.12520833333333334 0.17716981132075474
0 0.5974375 0.14719339622641509 0.10162500000000001 0.10455188679245282
0 0.5676041666666667 0.3053537735849057 0.18260416666666668 0.09246462264150943
0 0.5506875 0.5111910377358491 0.13118749999999998 0.16577830188679246
0 0.39810416666666665 0.676945754716981 0.23920833333333333 0.08429245283018869
0 0.8204791666666666 0.619127358490566 0.2576041666666667 0.043290094339622644
0 0.8541666666666666 0.6743278301886793 0.13160416666666666 0.05640330188679245
0 0.7807083333333333 0.8577004716981133 0.081375 0.1173938679245283
0 0.9667083333333333 0.8889033018867925 0.06658333333333334 0.10017688679245283
0 0.9447291666666667 0.7566745283018868 0.11054166666666668 0.08450471698113207
0 0.7675208333333334 0.28758254716981135 0.10775 0.07681603773584905
0 0.8933333333333333 0.22344339622641507 0.06925 0.11772405660377358
0 0.87 0.13160377358490566 0.2599791666666667 0.06343160377358491
0 0.8723541666666667 0.04417452830188679 0.15916666666666668 0.08834905660377358