1 0.15369103773584908 0.19270833333333334 0.0588561320754717 0.08958333333333333
1 0.11654481132075471 0.6333333333333333 0.10012971698113207 0.15833333333333333
1 0.33643867924528303 0.3229166666666667 0.07057783018867925 0.1125
1 0.3847877358490566 0.10416666666666667 0.044622641509433965 0.10416666666666667
1 0.5262617924528301 0.03854166666666667 0.07286556603773585 0.07708333333333334
1 0.4979716981132075 0.265625 0.05636792452830188 0.10208333333333333
1 0.5787264150943396 0.515625 0.08817216981132076 0.11458333333333333
1 0.5115212264150943 0.7614583333333333 0.08113207547169811 0.11875
1 0.7090094339622641 0.4791666666666667 0.061014150943396225 0.10416666666666667
1 0.8263325471698113 0.58125 0.06922169811320755 0.13333333333333333
1 0.7402594339622641 0.35208333333333336 0.06454009433962264 0.125
1 0.8499056603773585 0.18333333333333332 0.06449292452830188 0.10833333333333334
1 0.6600825471698113 0.15208333333333332 0.05748820754716981 0.1