0 0.7138541666666666 0.10900943396226415 0.12475 0.11665094339622642
0 0.6363958333333334 0.18825471698113205 0.19439583333333335 0.053101415094339625
0 0.958625 0.11182783018867924 0.08275 0.04988207547169811
0 0.7962916666666667 0.022924528301886793 0.14243750000000002 0.04586084905660377
0 0.8888750000000001 0.208125 0.10802083333333333 0.061509433962264146
0 0.6854791666666666 0.28250000000000003 0.19145833333333334 0.058643867924528296
0 0.9217083333333334 0.30609669811320755 0.072625 0.040047169811320754
0 0.47831250000000003 0.38477594339622645 0.10562500000000001 0.06865566037735849
0 0.7372708333333333 0.4355542452830189 0.18891666666666668 0.0529245283018868
0 0.9419375 0.5256603773584906 0.072625 0.09297169811320755
0 0.7511666666666666 0.5492688679245282 0.10047916666666666 0.045766509433962266
0 0.48714583333333333 0.5735849056603773 0.0626875 0.09154481132075472
0 0.2635416666666667 0.7502358490566038 0.09560416666666667 0.15590801886792455
0 0.5667291666666666 0.697311320754717 0.15612499999999999 0.11014150943396227
0 0.42397916666666663 0.8948466981132076 0.09808333333333333 0.12759433962264152
0 0.6816875 0.8320518867924529 0.1535625 0.08438679245283019
0 0.9212291666666667 0.8184669811320754 0.1575625 0.074375
0 0.672875 0.9621580188679245 0.11172916666666667 0.07568396226415094
0 0.8585416666666668 0.7247759433962264 0.0878125 0.04720518867924529
0 0.9532916666666666 0.635377358490566 0.07008333333333333 0.05435141509433963
0 0.8421458333333334 0.6282193396226415 0.13704166666666667 0.10871462264150943