0 0.29716666666666663 0.9397287735849057 0.18204166666666666 0.12053066037735849
0 0.10062499999999999 0.8613915094339623 0.19735416666666666 0.09160377358490567
0 0.5899375 0.9347169811320755 0.20875000000000002 0.09226415094339623
0 0.8760208333333334 0.9185966981132075 0.157625 0.1208372641509434
0 0.6129791666666667 0.7814268867924528 0.13660416666666667 0.12633254716981132
0 0.8340208333333333 0.7598231132075473 0.2025625 0.1621816037735849
0 0.797625 0.6204481132075471 0.11902083333333334 0.1389504716981132
0 0.449 0.5474882075471698 0.2170625 0.1633490566037736
0 0.0696875 0.628620283018868 0.13547916666666668 0.1005188679245283
0 0.09085416666666667 0.45603773584905666 0.17781249999999998 0.11425707547169811
0 0.6979791666666666 0.32010613207547167 0.22062500000000002 0.1283254716981132
0 0.9335416666666667 0.2885731132075472 0.13293750000000001 0.09566037735849058
0 0.7995 0.48160377358490564 0.2195 0.07416273584905661