0 0.08466666666666667 0.5924528301886792 0.13233333333333333 0.2112617924528302
0 0.37529166666666663 0.5658844339622642 0.13695833333333332 0.19173349056603775
0 0.35820833333333335 0.37015330188679246 0.11975 0.1938443396226415
0 0.12854166666666667 0.1497759433962264 0.1268125 0.17548349056603774
0 0.5450208333333334 0.2609433962264151 0.18810416666666668 0.19142688679245284
0 0.637 0.14070754716981132 0.1685625 0.10935141509433963
0 0.6030208333333333 0.5475117924528302 0.21083333333333334 0.1645754716981132
0 0.3017291666666667 0.030129716981132076 0.20183333333333334 0.06027122641509434
0 0.8453958333333333 0.045389150943396225 0.17833333333333332 0.09077830188679245
0 0.929 0.22935141509433962 0.142 0.08024764150943396
0 0.8632708333333333 0.33979952830188676 0.2734375 0.09474056603773585
0 0.7504583333333333 0.46056603773584903 0.20891666666666667 0.09147405660377357
0 0.9374791666666666 0.48582547169811324 0.12504166666666666 0.06999999999999999
0 0.92475 0.5906721698113208 0.15047916666666666 0.06371462264150944
0 0.8168124999999999 0.6903183962264151 0.1635625 0.09979952830188679
0 0.4954791666666667 0.7619693396226415 0.14839583333333334 0.1279127358490566
0 0.2211875 0.9220165094339623 0.19335416666666666 0.0832193396226415
0 0.5732083333333333 0.9420047169811321 0.21906250000000002 0.07520047169811321
0 0.8948125 0.9224646226415094 0.16689583333333333 0.0649056603773585
0 0.8403333333333334 0.8458844339622641 0.193625 0.03501179245283019
0 0.9671666666666667 0.8096816037735849 0.0656875 0.08415094339622642