1 0.40161556603773585 0.8962291666666666 0.10533018867924528 0.20754166666666668
1 0.7122405660377359 0.6039375 0.14875 0.20629166666666665
1 0.22146226415094342 0.6808958333333333 0.10470518867924529 0.23522916666666666
1 0.8543278301886793 0.2733125 0.09683962264150944 0.21170833333333333
1 0.536686320754717 0.28475 0.09246462264150943 0.1825
1 0.3885259433962264 0.18056250000000001 0.08504716981132077 0.15122916666666666
1 0.19837264150943396 0.3297083333333333 0.11158018867924528 0.16825
1 0.038643867924528306 0.38837499999999997 0.07727594339622641 0.20227083333333334
1 0.797063679245283 0.07016666666666667 0.06485849056603774 0.13872916666666668
1 0.6107075471698113 0.0769375 0.06950471698113207 0.13147916666666667
1 0.44931603773584905 0.03822916666666667 0.10640330188679245 0.07645833333333334
1 0.3141509433962264 0.05241666666666667 0.08370283018867924 0.10485416666666666
1 0.07580188679245284 0.13443750000000002 0.14945754716981133 0.18672916666666667