1 0.3942099056603774 0.6104166666666667 0.1318632075471698 0.13333333333333333
1 0.5645872641509434 0.45625 0.05044811320754717 0.14583333333333334
1 0.7744457547169812 0.43645833333333334 0.07632075471698113 0.16041666666666668
1 0.7850707547169812 0.253125 0.07931603773584907 0.08541666666666667
1 0.6948702830188679 0.14791666666666667 0.07988207547169811 0.125
1 0.5345165094339622 0.225 0.056356132075471695 0.11666666666666667
1 0.5286202830188679 0.059375 0.04693396226415094 0.10208333333333333
1 0.397747641509434 0.05 0.0469811320754717 0.09583333333333334
1 0.33702830188679245 0.178125 0.0576061320754717 0.16041666666666668
1 0.12185141509433962 0.4895833333333333 0.11074292452830188 0.20416666666666666
1 0.10063679245283019 0.036458333333333336 0.08716981132075471 0.07291666666666667