1 0.3289858490566038 0.32616666666666666 0.08734669811320754 0.18408333333333332
1 0.15382075471698112 0.8369166666666668 0.14805424528301886 0.26508333333333334
1 0.47944575471698114 0.9206249999999999 0.16588443396226413 0.15872916666666667
1 0.6520872641509434 0.7010416666666667 0.09002358490566038 0.21954166666666666
1 0.8460731132075472 0.5681666666666667 0.07702830188679244 0.1680625
1 0.8297877358490565 0.26616666666666666 0.06468160377358491 0.1295625
1 0.7281603773584906 0.13427083333333334 0.0972877358490566 0.17527083333333332
1 0.5675943396226415 0.33708333333333335 0.07938679245283017 0.13447916666666665
1 0.5156603773584906 0.07525 0.09344339622641509 0.15052083333333333
1 0.3778537735849057 0.0743125 0.0844693396226415 0.12916666666666668
1 0.03147405660377359 0.09622916666666666 0.06294811320754717 0.19245833333333331