0 0.1163125 0.8776533018867925 0.18089583333333334 0.0754245283018868
0 0.4749166666666667 0.8585495283018867 0.182875 0.11083726415094339
0 0.6058749999999999 0.9232783018867925 0.12783333333333333 0.08866745283018868
0 0.7740833333333333 0.9486792452830188 0.10664583333333333 0.10265330188679245
0 0.9342291666666667 0.9147169811320754 0.12622916666666667 0.08074292452830188
0 0.8415 0.8116863207547169 0.11958333333333333 0.11832547169811321
0 0.6128958333333333 0.7502122641509433 0.15812500000000002 0.11037735849056603
0 0.3733125 0.6812028301886792 0.2235 0.14257075471698114
0 0.19543750000000001 0.6400353773584906 0.13595833333333335 0.12464622641509435
0 0.7172499999999999 0.5935141509433962 0.082375 0.08680424528301886
0 0.8862708333333333 0.6316509433962264 0.21722916666666667 0.09408018867924528
0 0.28952083333333334 0.4889858490566038 0.19408333333333333 0.15379716981132074
0 0.6324791666666666 0.4923466981132075 0.14852083333333335 0.1053066037735849
0 0.9203749999999999 0.5132075471698113 0.13914583333333336 0.1332193396226415
0 0.6998958333333333 0.35232311320754717 0.16143749999999998 0.10128537735849057
0 0.94775 0.40862028301886794 0.1045 0.0666627358490566
0 0.340375 0.31996462264150943 0.2795416666666667 0.09637971698113208
0 0.5628958333333334 0.1859316037735849 0.2531875 0.08593160377358491
0 0.9253958333333333 0.2654245283018868 0.1491875 0.08849056603773586