0 0.3303333333333333 0.04137971698113208 0.16164583333333335 0.08275943396226416
0 0.6218541666666667 0.04231132075471698 0.10958333333333334 0.08462264150943397
0 0.7487708333333334 0.07830188679245284 0.07831250000000001 0.140436320754717
0 0.7976875 0.013372641509433961 0.0810625 0.026757075471698116
0 0.8902916666666666 0.0227122641509434 0.11022916666666666 0.0454245283018868
0 0.971875 0.12464622641509435 0.05625 0.14351415094339623
0 0.8575833333333333 0.13149764150943397 0.07827083333333333 0.05268867924528302
0 0.8625 0.2185849056603774 0.27279166666666665 0.055129716981132074
0 0.8411041666666667 0.28350235849056604 0.08 0.11556603773584906
0 0.9587916666666667 0.27213443396226417 0.08241666666666667 0.06175707547169811
0 0.9034583333333334 0.38050707547169815 0.08758333333333333 0.10456367924528302
0 0.7248958333333333 0.3978419811320755 0.11127083333333333 0.11275943396226415
0 0.6015 0.31169811320754715 0.15310416666666665 0.14318396226415095
0 0.39625 0.4898584905660377 0.201 0.13849056603773585
0 0.802625 0.5163089622641509 0.11345833333333334 0.056981132075471695
0 0.9103541666666667 0.5 0.09320833333333334 0.048443396226415095
0 0.9743541666666666 0.4377948113207547 0.051291666666666666 0.04218160377358491
0 0.6679583333333333 0.615872641509434 0.3190208333333333 0.058254716981132076
0 0.6820208333333333 0.665495283018868 0.12443749999999999 0.045966981132075466
0 0.9166458333333334 0.6164976415094339 0.09416666666666668 0.05949292452830189