1 0.11005896226415095 0.66875 0.12489386792452829 0.2375
1 0.15133254716981134 0.3489583333333333 0.06829009433962263 0.09791666666666667
1 0.2739504716981132 0.17604166666666668 0.03995283018867925 0.08125
1 0.38300707547169816 0.40208333333333335 0.07882075471698113 0.125
1 0.4095400943396227 0.2552083333333333 0.042252358490566036 0.11041666666666666
1 0.4260495283018868 0.12291666666666666 0.04932783018867924 0.058333333333333334
1 0.5256721698113207 0.07395833333333333 0.03160377358490566 0.08125
1 0.5746108490566038 0.11666666666666667 0.0544811320754717 0.09583333333333334
1 0.5516155660377359 0.21458333333333332 0.07639150943396227 0.07916666666666666
1 0.5581014150943396 0.34375 0.06341981132075472 0.1
1 0.7166745283018868 0.47604166666666664 0.11170990566037736 0.16041666666666668
1 0.6872051886792453 0.7114583333333333 0.09521226415094339 0.14791666666666667
1 0.7013561320754716 0.084375 0.05747641509433962 0.06041666666666667
1 0.7437971698113207 0.171875 0.07633254716981133 0.07708333333333334
1 0.7160849056603774 0.25729166666666664 0.06337264150943396 0.08541666666666667
1 0.8540330188679246 0.44479166666666664 0.07982311320754716 0.10625
1 0.850495283018868 0.3541666666666667 0.0821816037735849 0.09166666666666666
1 0.9153419811320755 0.24375 0.06564858490566038 0.1125