0 0.06164583333333333 0.5804716981132075 0.11970833333333333 0.15259433962264152
0 0.12293749999999999 0.8249646226415095 0.1829375 0.1210495283018868
0 0.3949375 0.869929245283019 0.26218749999999996 0.1158254716981132
0 0.3296041666666667 0.6624056603773585 0.17110416666666667 0.0869811320754717
0 0.4715625 0.6875235849056603 0.10891666666666668 0.13162735849056603
0 0.60925 0.701816037735849 0.12720833333333334 0.10982311320754716
0 0.7424583333333333 0.7601768867924529 0.13649999999999998 0.06424528301886792
0 0.7295 0.6975 0.12045833333333333 0.06761792452830188
0 0.9285625 0.6866037735849057 0.14285416666666664 0.09619103773584906
0 0.28683333333333333 0.46877358490566035 0.15477083333333336 0.10830188679245284
0 0.43981250000000005 0.462877358490566 0.1245 0.11331367924528302
0 0.5676875 0.5525117924528301 0.19237500000000002 0.09668632075471698
0 0.6951041666666666 0.5739504716981132 0.08135416666666666 0.12836084905660378
0 0.8085208333333332 0.5949764150943396 0.1301875 0.10325471698113207
0 0.9357291666666666 0.5845165094339623 0.1275 0.07673349056603773
0 0.06525 0.12299528301886792 0.1305 0.10522405660377358
0 0.2530625 0.13909198113207547 0.15641666666666668 0.1374056603773585
0 0.3093125 0.2956132075471698 0.19970833333333332 0.10900943396226415
0 0.50475 0.3790212264150944 0.06652083333333333 0.07433962264150944
0 0.6077708333333334 0.4315330188679245 0.12420833333333332 0.050624999999999996
0 0.7520416666666667 0.4704599056603773 0.15927083333333333 0.11169811320754716
0 0.9059791666666667 0.4900589622641509 0.15702083333333333 0.0725117924528302
0 0.6187708333333333 0.34472877358490567 0.15612499999999999 0.07852594339622641
0 0.5299375000000001 0.25056603773584907 0.19597916666666665 0.08049528301886794
0 0.5822916666666667 0.17047169811320756 0.07327083333333334 0.08821933962264152
0 0.4235625 0.06419811320754716 0.13154166666666667 0.12194575471698113
0 0.7213333333333334 0.13391509433962265 0.18322916666666667 0.1214504716981132
0 0.8722083333333334 0.0623938679245283 0.10922916666666667 0.06795990566037736
0 0.891 0.14683962264150943 0.07760416666666667 0.11931603773584906
0 0.7142083333333333 0.22745283018867923 0.1195625 0.09023584905660377
0 0.7598333333333334 0.3474646226415094 0.08224999999999999 0.08399764150943397
0 0.8472500000000001 0.3778891509433962 0.06922916666666666 0.11126179245283019
0 0.9656458333333333 0.4124292452830189 0.0686875 0.09637971698113208
0 0.7818541666666667 0.28527122641509434 0.14608333333333334 0.049150943396226415
0 0.8557916666666666 0.2434669811320755 0.10608333333333334 0.08869103773584905
0 0.9422499999999999 0.2892452830188679 0.10097916666666666 0.06830188679245283