0 0.351171875 0.4986111111111111 0.25859375 0.225
0 0.734375 0.3972222222222222 0.24375 0.11666666666666667
0 0.969921875 0.12430555555555556 0.06015625 0.15138888888888888
0 0.89296875 0.10486111111111111 0.0734375 0.12638888888888888
0 0.933203125 0.1388888888888889 0.06796875 0.10833333333333334
0 0.576953125 0.0625 0.08359375 0.125
0 0.6609375 0.16111111111111112 0.171875 0.1388888888888889
0 0.64375 0.225 0.215625 0.10833333333333334
0 0.026171875 0.3506944444444444 0.05234375 0.22916666666666666
0 0.112890625 0.38263888888888886 0.14765625 0.1986111111111111
0 0.038671875 0.08333333333333333 0.07734375 0.16666666666666666
0 0.225 0.13194444444444445 0.096875 0.1388888888888889
0 0.31875 0.024305555555555556 0.0640625 0.04861111111111111
0 0.408984375 0.17152777777777778 0.14609375 0.2375